    1.00    0.00000
    2.00    0.16532
    3.00    0.14391
    4.00    0.16076
    5.00    0.28128
    6.00    0.27776
    7.00    0.09641
    8.00    0.41571
    9.00    0.40218
   10.00    0.16741
   11.00    0.54466
   12.00    0.53552
   13.00    0.28392
   14.00    0.66400
   15.00    0.66076
   16.00    0.41630
   17.00    0.79507
   18.00    0.78809
   19.00    0.53222
   20.00    0.92217
   21.00    0.91884
   22.00    0.64727
   23.00    1.03824
   24.00    1.03738
   25.00    0.76996
   26.00    1.14131
   27.00    1.14252
   28.00    0.87569
   29.00    1.22985
   30.00    1.22179
   31.00    0.98001
   32.00    1.30264
   33.00    1.29589
   34.00    1.08619
   35.00    1.37486
   36.00    1.36228
   37.00    1.17857
   38.00    1.42712
   39.00    1.42012
   40.00    1.26387
   41.00    1.46398
   42.00    1.45767
   43.00    1.32642
   44.00    1.49596
   45.00    1.48892
   46.00    1.37218
   47.00    1.52575
   48.00    1.51113
   49.00    1.41412
   50.00    1.55365
   51.00    1.53703
   52.00    1.44418
   53.00    1.58110
   54.00    1.56447
   55.00    1.47269
   56.00    1.60739
   57.00    1.59258
   58.00    1.49879
   59.00    1.63261
   60.00    1.61601
   61.00    1.52511
   62.00    1.65759
   63.00    1.64087
   64.00    1.54818
   65.00    1.68275
   66.00    1.67229
   67.00    1.57303
   68.00    1.70747
   69.00    1.69459
   70.00    1.60053
   71.00    1.74034
   72.00    1.71697
   73.00    1.62203
   74.00    1.76260
   75.00    1.74765
   76.00    1.65633
   77.00    1.78914
   78.00    1.76901
   79.00    1.67843
   80.00    1.80954
   81.00    1.79458
   82.00    1.70690
   83.00    1.83264
   84.00    1.81535
   85.00    1.72360
   86.00    1.85992
   87.00    1.84218
   88.00    1.74890
   89.00    1.88907
   90.00    1.87051
   91.00    1.77610
   92.00    1.91559
   93.00    1.89801
   94.00    1.80990
   95.00    1.94262
   96.00    1.92181
   97.00    1.83931
   98.00    1.96857
   99.00    1.94763
  100.00    1.86674
  101.00    1.99424
  102.00    1.97515
  103.00    1.89396
  104.00    2.01572
  105.00    2.00185
  106.00    1.92180
  107.00    2.03938
  108.00    2.02373
  109.00    1.94049
  110.00    2.06487
  111.00    2.05140
  112.00    1.96986
  113.00    2.09672
  114.00    2.07739
  115.00    1.99301
  116.00    2.12577
  117.00    2.10439
  118.00    2.02833
  119.00    2.15427
  120.00    2.13485
  121.00    2.05405
  122.00    2.18333
  123.00    2.16156
  124.00    2.08349
  125.00    2.20967
  126.00    2.19022
  127.00    2.11358
  128.00    2.24103
  129.00    2.21907
  130.00    2.14098
  131.00    2.27167
  132.00    2.24968
  133.00    2.17288
  134.00    2.30213
  135.00    2.28261
  136.00    2.20498
  137.00    2.32979
  138.00    2.31325
  139.00    2.23600
  140.00    2.36493
  141.00    2.34128
  142.00    2.26648
  143.00    2.39183
  144.00    2.37568
  145.00    2.29985
  146.00    2.41964
  147.00    2.40407
  148.00    2.32660
  149.00    2.45358
  150.00    2.43231
  151.00    2.35738
  152.00    2.48115
  153.00    2.46044
  154.00    2.39107
  155.00    2.50956
  156.00    2.48833
  157.00    2.42056
  158.00    2.53814
  159.00    2.51669
  160.00    2.44921
  161.00    2.56594
  162.00    2.54474
  163.00    2.48025
  164.00    2.59140
  165.00    2.57773
  166.00    2.50922
  167.00    2.62051
  168.00    2.60193
  169.00    2.53490
  170.00    2.64875
  171.00    2.63000
  172.00    2.56566
  173.00    2.67656
  174.00    2.65732
  175.00    2.59619
  176.00    2.70322
  177.00    2.68552
  178.00    2.62529
  179.00    2.72486
  180.00    2.71431
  181.00    2.65905
  182.00    2.74893
  183.00    2.73236
  184.00    2.68143
  185.00    2.77637
  186.00    2.75906
  187.00    2.70821
  188.00    2.80274
  189.00    2.78532
  190.00    2.73384
  191.00    2.82908
  192.00    2.81083
  193.00    2.76341
  194.00    2.85834
  195.00    2.83810
  196.00    2.78954
  197.00    2.88494
  198.00    2.86141
  199.00    2.82091
  200.00    2.90710
  201.00    2.88809
  202.00    2.84871
  203.00    2.93316
  204.00    2.91162
  205.00    2.87634
  206.00    2.95879
  207.00    2.93601
  208.00    2.90561
  209.00    2.98039
  210.00    2.95930
  211.00    2.93409
  212.00    3.00498
  213.00    2.98085
  214.00    2.95643
  215.00    3.02663
  216.00    3.00552
  217.00    2.98323
  218.00    3.04879
  219.00    3.02720
  220.00    3.00621
  221.00    3.07415
  222.00    3.04701
  223.00    3.03008
  224.00    3.09558
  225.00    3.07725
  226.00    3.05807
  227.00    3.11831
  228.00    3.09966
  229.00    3.07691
  230.00    3.14159
  231.00    3.12373
  232.00    3.09073
  233.00    3.16573
  234.00    3.14522
  235.00    3.11458
  236.00    3.18688
  237.00    3.17018
  238.00    3.13782
  239.00    3.20765
  240.00    3.19256
  241.00    3.15789
  242.00    3.23251
  243.00    3.21630
  244.00    3.18002
  245.00    3.25684
  246.00    3.24117
  247.00    3.20641
  248.00    3.28069
  249.00    3.26444
  250.00    3.23218
  251.00    3.30432
  252.00    3.28519
  253.00    3.25508
  254.00    3.32698
  255.00    3.30936
  256.00    3.27998
  257.00    3.34982
  258.00    3.33161
  259.00    3.30257
  260.00    3.37066
  261.00    3.35418
  262.00    3.32518
  263.00    3.39541
  264.00    3.37499
  265.00    3.34652
  266.00    3.41408
  267.00    3.39896
  268.00    3.37285
  269.00    3.43464
  270.00    3.41738
  271.00    3.39126
  272.00    3.46001
  273.00    3.43611
  274.00    3.41408
  275.00    3.48140
  276.00    3.46228
  277.00    3.44105
  278.00    3.50122
  279.00    3.48247
  280.00    3.46083
  281.00    3.52161
  282.00    3.50176
  283.00    3.48209
  284.00    3.54137
  285.00    3.52178
  286.00    3.50330
  287.00    3.56253
  288.00    3.54251
  289.00    3.52389
  290.00    3.58122
  291.00    3.56294
  292.00    3.54493
  293.00    3.60042
  294.00    3.58164
  295.00    3.56489
  296.00    3.61681
  297.00    3.60048
  298.00    3.58344
  299.00    3.63860
  300.00    3.61770
  301.00    3.60095
  302.00    3.65814
  303.00    3.63995
  304.00    3.62380
  305.00    3.67636
  306.00    3.65713
  307.00    3.64392
  308.00    3.69284
  309.00    3.67513
  310.00    3.66425
  311.00    3.71118
  312.00    3.69124
  313.00    3.67639
  314.00    3.72727
  315.00    3.70894
  316.00    3.70015
  317.00    3.74407
  318.00    3.72601
  319.00    3.71783
  320.00    3.76042
  321.00    3.74066
  322.00    3.72958
  323.00    3.77791
  324.00    3.75881
  325.00    3.75025
  326.00    3.79202
  327.00    3.77413
  328.00    3.76673
  329.00    3.80991
  330.00    3.78956
  331.00    3.78124
  332.00    3.82488
  333.00    3.80631
  334.00    3.79915
  335.00    3.84007
  336.00    3.82153
  337.00    3.81561
  338.00    3.85435
  339.00    3.83725
  340.00    3.83225
  341.00    3.87095
  342.00    3.85163
  343.00    3.84532
  344.00    3.88660
  345.00    3.86596
  346.00    3.86348
  347.00    3.89819
  348.00    3.88138
  349.00    3.87632
  350.00    3.91224
  351.00    3.89566
  352.00    3.89037
  353.00    3.92855
  354.00    3.90951
  355.00    3.90318
  356.00    3.94150
  357.00    3.92359
  358.00    3.92214
  359.00    3.95500
  360.00    3.93693
  361.00    3.93599
  362.00    3.96850
  363.00    3.95024
  364.00    3.94704
  365.00    3.97776
  366.00    3.97976
  367.00    3.99528
  368.00    3.99217
  369.00    4.00145
  370.00    3.99748
  371.00    4.01163
  372.00    3.99360
  373.00    3.97093
  374.00    4.02383
  375.00    4.02506
  376.00    4.02370
  377.00    4.03588
  378.00    4.03818
  379.00    4.04094
  380.00    4.04700
  381.00    4.05254
  382.00    4.04549
  383.00    4.06454
  384.00    4.07116
  385.00    4.06219
  386.00    4.08442
  387.00    4.08851
  388.00    4.08517
  389.00    4.09458
  390.00    4.09921
  391.00    4.09237
  392.00    4.11476
  393.00    4.11962
  394.00    4.11023
  395.00    4.13457
  396.00    4.13987
  397.00    4.13719
  398.00    4.15118
  399.00    4.15308
  400.00    4.14302
  401.00    4.17152
  402.00    4.17452
  403.00    4.16109
  404.00    4.19166
  405.00    4.19483
  406.00    4.18845
  407.00    4.20725
  408.00    4.21294
  409.00    4.20850
  410.00    4.22305
  411.00    4.22379
  412.00    4.21733
  413.00    4.24040
  414.00    4.24148
  415.00    4.23165
  416.00    4.25916
  417.00    4.26181
  418.00    4.25243
  419.00    4.27537
  420.00    4.28175
  421.00    4.26843
  422.00    4.29328
  423.00    4.29941
  424.00    4.29391
  425.00    4.30970
  426.00    4.31692
  427.00    4.31482
  428.00    4.32698
  429.00    4.33332
  430.00    4.33406
  431.00    4.34258
  432.00    4.34959
  433.00    4.35279
  434.00    4.36105
  435.00    4.36388
  436.00    4.35677
  437.00    4.37893
  438.00    4.38084
  439.00    4.36947
  440.00    4.39332
  441.00    4.39894
  442.00    4.39020
  443.00    4.40912
  444.00    4.41414
  445.00    4.41007
  446.00    4.42388
  447.00    4.43116
  448.00    4.43144
  449.00    4.44299
  450.00    4.45010
  451.00    4.43330
  452.00    4.46226
  453.00    4.46728
  454.00    4.45529
  455.00    4.47687
  456.00    4.48025
  457.00    4.47324
  458.00    4.49175
  459.00    4.49780
  460.00    4.49613
  461.00    4.50783
  462.00    4.51445
  463.00    4.49701
  464.00    4.52802
  465.00    4.53110
  466.00    4.52463
  467.00    4.54247
  468.00    4.54535
  469.00    4.54535
  470.00    4.55083
  471.00    4.56344
  472.00    4.55386
  473.00    4.56916
  474.00    4.57533
  475.00    4.56960
  476.00    4.58293
  477.00    4.58920
  478.00    4.57460
  479.00    4.59895
  480.00    4.60366
  481.00    4.59076
  482.00    4.61355
  483.00    4.61935
  484.00    4.60274
  485.00    4.62843
  486.00    4.63356
  487.00    4.62949
  488.00    4.63731
  489.00    4.64373
  490.00    4.64351
  491.00    4.65606
  492.00    4.66374
  493.00    4.65798
  494.00    4.67148
  495.00    4.67141
  496.00    4.67000
  497.00    4.68272
  498.00    4.68628
  499.00    4.68130
  500.00    4.69571
  501.00    4.70042
  502.00    4.69251
  503.00    4.70761
  504.00    4.71261
  505.00    4.70576
  506.00    4.71947
  507.00    4.72518
  508.00    4.71974
  509.00    4.72979
  510.00    4.73666
  511.00    4.73572
  512.00    4.74173
  513.00    4.74869
  514.00    4.74661
  515.00    4.75955
  516.00    4.76633
  517.00    4.76803
  518.00    4.77215
  519.00    4.77649
  520.00    4.77584
  521.00    4.78262
  522.00    4.78835
  523.00    4.78957
  524.00    4.80143
  525.00    4.80225
  526.00    4.80977
  527.00    4.81126
  528.00    4.81535
  529.00    4.81588
  530.00    4.82311
  531.00    4.82610
  532.00    4.82504
  533.00    4.83406
  534.00    4.83947
  535.00    4.83422
  536.00    4.84651
  537.00    4.85102
  538.00    4.84731
  539.00    4.85597
  540.00    4.86316
  541.00    4.86127
  542.00    4.86960
  543.00    4.87537
  544.00    4.87856
  545.00    4.88090
  546.00    4.88339
  547.00    4.88944
  548.00    4.90045
  549.00    4.90091
  550.00    4.90987
  551.00    4.90841
  552.00    4.91111
  553.00    4.91474
  554.00    4.91949
  555.00    4.92336
  556.00    4.92417
  557.00    4.93045
  558.00    4.93681
  559.00    4.93377
  560.00    4.94214
  561.00    4.94870
  562.00    4.94694
  563.00    4.95719
  564.00    4.95836
  565.00    4.95801
  566.00    4.96579
  567.00    4.96782
  568.00    4.97492
  569.00    4.97608
  570.00    4.98273
  571.00    4.98725
  572.00    4.98554
  573.00    4.99026
  574.00    4.99466
  575.00    4.99240
  576.00    5.00079
  577.00    5.00214
  578.00    5.00732
  579.00    5.01328
  580.00    5.02060
  581.00    5.01636
  582.00    5.02581
  583.00    5.03017
  584.00    5.03907
  585.00    5.04549
  586.00    5.05204
  587.00    5.04863
  588.00    5.05345
  589.00    5.06007
  590.00    5.07193
  591.00    5.07451
  592.00    5.08281
  593.00    5.07814
  594.00    5.08334
  595.00    5.08904
  596.00    5.09944
  597.00    5.10356
  598.00    5.11050
  599.00    5.10794
  600.00    5.11094
  601.00    5.11546
  602.00    5.11751
  603.00    5.12066
  604.00    5.12670
  605.00    5.12704
  606.00    5.12863
  607.00    5.13664
  608.00    5.14021
  609.00    5.14303
  610.00    5.15484
  611.00    5.14820
  612.00    5.15055
  613.00    5.15280
  614.00    5.15725
  615.00    5.15606
  616.00    5.16188
  617.00    5.16749
  618.00    5.17313
  619.00    5.17718
  620.00    5.17687
  621.00    5.18078
  622.00    5.18845
  623.00    5.19646
  624.00    5.19893
  625.00    5.20946
  626.00    5.20497
  627.00    5.20647
  628.00    5.21066
  629.00    5.19724
  630.00    5.21645
  631.00    5.22694
  632.00    5.20610
  633.00    5.23421
  634.00    5.24705
  635.00    5.24176
  636.00    5.24149
  637.00    5.24501
  638.00    5.23203
  639.00    5.25265
  640.00    5.26005
  641.00    5.23930
  642.00    5.25805
  643.00    5.27798
  644.00    5.25361
  645.00    5.27880
  646.00    5.29430
  647.00    5.28181
  648.00    5.28402
  649.00    5.29125
  650.00    5.27361
  651.00    5.30074
  652.00    5.32192
  653.00    5.30656
  654.00    5.30600
  655.00    5.31237
  656.00    5.30237
  657.00    5.33083
  658.00    5.34241
  659.00    5.33951
  660.00    5.33946
  661.00    5.34750
  662.00    5.34614
  663.00    5.34658
  664.00    5.35261
  665.00    5.33135
  666.00    5.35094
  667.00    5.36832
  668.00    5.34579
  669.00    5.37076
  670.00    5.38755
  671.00    5.35604
  672.00    5.37645
  673.00    5.38914
  674.00    5.36901
  675.00    5.39301
  676.00    5.41612
  677.00    5.37836
  678.00    5.40174
  679.00    5.41529
  680.00    5.38657
  681.00    5.40526
  682.00    5.42966
  683.00    5.40702
  684.00    5.43290
  685.00    5.45596
  686.00    5.41501
  687.00    5.43560
  688.00    5.45403
  689.00    5.43259
  690.00    5.45939
  691.00    5.47805
  692.00    5.44202
  693.00    5.46332
  694.00    5.48282
  695.00    5.45957
  696.00    5.48724
  697.00    5.50708
  698.00    5.46953
  699.00    5.49388
  700.00    5.50902
  701.00    5.49797
  702.00    5.49416
  703.00    5.51159
  704.00    5.49053
  705.00    5.51781
  706.00    5.53972
  707.00    5.52084
  708.00    5.51896
  709.00    5.53257
  710.00    5.51274
  711.00    5.53984
  712.00    5.55794
  713.00    5.52166
  714.00    5.54492
  715.00    5.56254
  716.00    5.54085
  717.00    5.56936
  718.00    5.58408
  719.00    5.55056
  720.00    5.57312
  721.00    5.59014
  722.00    5.55715
  723.00    5.57566
  724.00    5.59760
  725.00    5.57450
  726.00    5.59935
  727.00    5.61954
  728.00    5.58139
  729.00    5.60182
  730.00    5.62200
  731.00    5.59895
  732.00    5.62779
  733.00    5.64184
  734.00    5.60818
  735.00    5.62850
  736.00    5.64734
  737.00    5.62472
  738.00    5.65235
  739.00    5.66685
  740.00    5.63524
  741.00    5.65852
  742.00    5.67416
  743.00    5.66571
  744.00    5.66020
  745.00    5.67399
  746.00    5.65142
  747.00    5.67654
  748.00    5.69735
  749.00    5.66027
  750.00    5.68174
  751.00    5.69782
  752.00    5.67512
  753.00    5.70312
  754.00    5.71743
  755.00    5.68537
  756.00    5.70744
  757.00    5.72279
  758.00    5.70040
  759.00    5.72549
  760.00    5.74037
  761.00    5.70951
  762.00    5.73292
  763.00    5.74439
  764.00    5.71769
  765.00    5.73799
  766.00    5.75489
  767.00    5.73180
  768.00    5.75987
  769.00    5.77269
  770.00    5.74161
  771.00    5.76274
  772.00    5.77738
  773.00    5.74625
  774.00    5.76488
  775.00    5.78740
  776.00    5.76274
  777.00    5.79007
  778.00    5.80305
  779.00    5.77101
  780.00    5.79085
  781.00    5.80720
  782.00    5.78351
  783.00    5.81227
  784.00    5.82511
  785.00    5.79365
  786.00    5.81443
  787.00    5.83006
  788.00    5.79740
  789.00    5.81820
  790.00    5.84084
  791.00    5.81489
  792.00    5.84195
  793.00    5.85669
  794.00    5.82282
  795.00    5.84616
  796.00    5.85939
  797.00    5.82824
  798.00    5.84646
  799.00    5.87219
  800.00    5.84531
  801.00    5.87172
  802.00    5.88733
  803.00    5.85274
  804.00    5.87274
  805.00    5.89428
  806.00    5.86877
  807.00    5.89356
  808.00    5.91292
  809.00    5.87554
  810.00    5.89966
  811.00    5.91415
  812.00    5.88997
  813.00    5.91693
  814.00    5.93360
  815.00    5.89865
  816.00    5.92264
  817.00    5.93650
  818.00    5.90503
  819.00    5.92553
  820.00    5.94776
  821.00    5.92270
  822.00    5.95327
  823.00    5.96416
  824.00    5.93125
  825.00    5.95161
  826.00    5.97013
  827.00    5.94462
  828.00    5.97013
  829.00    5.98887
  830.00    5.95274
  831.00    5.97623
  832.00    5.99151
  833.00    5.96508
  834.00    5.99533
  835.00    6.00883
  836.00    5.97692
  837.00    6.00063
  838.00    6.01241
  839.00    5.98325
  840.00    6.00273
  841.00    6.02590
  842.00    6.00128
  843.00    6.02823
  844.00    6.04037
  845.00    6.00794
  846.00    6.02942
  847.00    6.04688
  848.00    6.02278
  849.00    6.05072
  850.00    6.06341
  851.00    6.03043
  852.00    6.05350
  853.00    6.06842
  854.00    6.03641
  855.00    6.05645
  856.00    6.08127
  857.00    6.05547
  858.00    6.08330
  859.00    6.09733
  860.00    6.06303
  861.00    6.08249
  862.00    6.10274
  863.00    6.07906
  864.00    6.10230
  865.00    6.11992
  866.00    6.08396
  867.00    6.10679
  868.00    6.12102
  869.00    6.08961
  870.00    6.11068
  871.00    6.13610
  872.00    6.10889
  873.00    6.13804
  874.00    6.15107
  875.00    6.11651
  876.00    6.13794
  877.00    6.15634
  878.00    6.13213
  879.00    6.15644
  880.00    6.17155
  881.00    6.13716
  882.00    6.15967
  883.00    6.17456
  884.00    6.14238
  885.00    6.16191
  886.00    6.18968
  887.00    6.16317
  888.00    6.19105
  889.00    6.20468
  890.00    6.16960
  891.00    6.18908
  892.00    6.20878
  893.00    6.17959
  894.00    6.20935
  895.00    6.22591
  896.00    6.18984
  897.00    6.21505
  898.00    6.22863
  899.00    6.19619
  900.00    6.21491
  901.00    6.24096
  902.00    6.21439
  903.00    6.24284
  904.00    6.25603
  905.00    6.22085
  906.00    6.24299
  907.00    6.26313
  908.00    6.23568
  909.00    6.26123
  910.00    6.27971
  911.00    6.24145
  912.00    6.26566
  913.00    6.28153
  914.00    6.25700
  915.00    6.27996
  916.00    6.29462
  917.00    6.26196
  918.00    6.28782
  919.00    6.29971
  920.00    6.26833
  921.00    6.28774
  922.00    6.31081
  923.00    6.28463
  924.00    6.31483
  925.00    6.32492
  926.00    6.29296
  927.00    6.31615
  928.00    6.33395
  929.00    6.30482
  930.00    6.33844
  931.00    6.34769
  932.00    6.31622
  933.00    6.33800
  934.00    6.35503
  935.00    6.32802
  936.00    6.35548
  937.00    6.36454
  938.00    6.33467
  939.00    6.36059
  940.00    6.37368
  941.00    6.34223
  942.00    6.37372
  943.00    6.38226
  944.00    6.35420
  945.00    6.37977
  946.00    6.39058
  947.00    6.35986
  948.00    6.38092
  949.00    6.40324
  950.00    6.37711
  951.00    6.40474
  952.00    6.41452
  953.00    6.38450
  954.00    6.40629
  955.00    6.42369
  956.00    6.39632
  957.00    6.42480
  958.00    6.43486
  959.00    6.40469
  960.00    6.42936
  961.00    6.44296
  962.00    6.41128
  963.00    6.44052
  964.00    6.45116
  965.00    6.42140
  966.00    6.44410
  967.00    6.45910
  968.00    6.42997
  969.00    6.45661
  970.00    6.46571
  971.00    6.43821
  972.00    6.46307
  973.00    6.47582
  974.00    6.45038
  975.00    6.47541
  976.00    6.47880
  977.00    6.45532
  978.00    6.47942
  979.00    6.49234
  980.00    6.46097
  981.00    6.48373
  982.00    6.50479
  983.00    6.47749
  984.00    6.50808
  985.00    6.51643
  986.00    6.48805
  987.00    6.51140
  988.00    6.52610
  989.00    6.49865
  990.00    6.52679
  991.00    6.53538
  992.00    6.50760
  993.00    6.53193
  994.00    6.54560
  995.00    6.51787
  996.00    6.54491
  997.00    6.55195
  998.00    6.52663
  999.00    6.55069
 1000.00    6.56316
 1001.00    6.53462
 1002.00    6.56024
 1003.00    6.56985
 1004.00    6.54138
 1005.00    6.56860
 1006.00    6.57988
 1007.00    6.54953
 1008.00    6.57212
 1009.00    6.59077
 1010.00    6.56542
 1011.00    6.59073
 1012.00    6.60162
 1013.00    6.57255
 1014.00    6.59626
 1015.00    6.61254
 1016.00    6.58434
 1017.00    6.60996
 1018.00    6.61977
 1019.00    6.59110
 1020.00    6.61444
 1021.00    6.62997
 1022.00    6.60140
 1023.00    6.62702
 1024.00    6.63644
 1025.00    6.60997
 1026.00    6.63438
 1027.00    6.64665
 1028.00    6.62027
 1029.00    6.64619
 1030.00    6.65360
 1031.00    6.62911
 1032.00    6.65365
 1033.00    6.66466
 1034.00    6.63958
 1035.00    6.66405
 1036.00    6.67271
 1037.00    6.64491
 1038.00    6.67392
 1039.00    6.68257
 1040.00    6.65410
 1041.00    6.67627
 1042.00    6.69478
 1043.00    6.66997
 1044.00    6.69926
 1045.00    6.70491
 1046.00    6.67970
 1047.00    6.70282
 1048.00    6.71814
 1049.00    6.68831
 1050.00    6.71552
 1051.00    6.72298
 1052.00    6.69722
 1053.00    6.72167
 1054.00    6.73568
 1055.00    6.71056
 1056.00    6.73695
 1057.00    6.73964
 1058.00    6.71435
 1059.00    6.74194
 1060.00    6.75414
 1061.00    6.72267
 1062.00    6.74366
 1063.00    6.76568
 1064.00    6.73894
 1065.00    6.76629
 1066.00    6.77639
 1067.00    6.74533
 1068.00    6.76875
 1069.00    6.78737
 1070.00    6.75794
 1071.00    6.78261
 1072.00    6.79301
 1073.00    6.76360
 1074.00    6.78641
 1075.00    6.80334
 1076.00    6.77638
 1077.00    6.80396
 1078.00    6.80762
 1079.00    6.78282
 1080.00    6.80859
 1081.00    6.82319
 1082.00    6.79608
 1083.00    6.82433
 1084.00    6.82864
 1085.00    6.80273
 1086.00    6.82657
 1087.00    6.84247
 1088.00    6.81411
 1089.00    6.84171
 1090.00    6.84621
 1091.00    6.82035
 1092.00    6.84682
 1093.00    6.86019
 1094.00    6.83208
 1095.00    6.86134
 1096.00    6.86596
 1097.00    6.83926
 1098.00    6.86555
 1099.00    6.87799
 1100.00    6.84684
 1101.00    6.87905
 1102.00    6.88266
 1103.00    6.85438
 1104.00    6.87895
 1105.00    6.89625
 1106.00    6.86490
 1107.00    6.89669
 1108.00    6.89993
 1109.00    6.87153
 1110.00    6.89626
 1111.00    6.91321
 1112.00    6.88464
 1113.00    6.91246
 1114.00    6.91700
 1115.00    6.89189
 1116.00    6.91334
 1117.00    6.92743
 1118.00    6.89707
 1119.00    6.92876
 1120.00    6.92937
 1121.00    6.90603
 1122.00    6.92961
 1123.00    6.94187
 1124.00    6.90887
 1125.00    6.93078
 1126.00    6.95055
 1127.00    6.90583
 1128.00    6.92888
 1129.00    6.96085
 1130.00    6.93324
 1131.00    6.95880
 1132.00    6.97035
 1133.00    6.93300
 1134.00    6.95352
 1135.00    6.97605
 1136.00    6.93020
 1137.00    6.95037
 1138.00    6.98218
 1139.00    6.95371
 1140.00    6.97737
 1141.00    6.99098
 1142.00    6.95345
 1143.00    6.97337
 1144.00    6.99871
 1145.00    6.96898
 1146.00    6.99596
 1147.00    7.00502
 1148.00    6.97116
 1149.00    6.99341
 1150.00    7.01459
 1151.00    6.97287
 1152.00    6.99054
 1153.00    7.01913
 1154.00    6.98853
 1155.00    7.01495
 1156.00    7.02879
 1157.00    6.98990
 1158.00    7.01518
 1159.00    7.03576
 1160.00    6.99242
 1161.00    7.01207
 1162.00    7.04367
 1163.00    7.01322
 1164.00    7.03773
 1165.00    7.05375
 1166.00    7.01448
 1167.00    7.03514
 1168.00    7.06013
 1169.00    7.03184
 1170.00    7.05922
 1171.00    7.06920
 1172.00    7.03451
 1173.00    7.05619
 1174.00    7.07871
 1175.00    7.04985
 1176.00    7.07793
 1177.00    7.08312
 1178.00    7.05419
 1179.00    7.07903
 1180.00    7.09710
 1181.00    7.06889
 1182.00    7.09429
 1183.00    7.10317
 1184.00    7.07221
 1185.00    7.09659
 1186.00    7.11225
 1187.00    7.07522
 1188.00    7.09512
 1189.00    7.12143
 1190.00    7.09419
 1191.00    7.11973
 1192.00    7.13383
 1193.00    7.09731
 1194.00    7.11998
 1195.00    7.14127
 1196.00    7.10991
 1197.00    7.13773
 1198.00    7.14854
 1199.00    7.11546
 1200.00    7.13877
 1201.00    7.15778
 1202.00    7.12814
 1203.00    7.15496
 1204.00    7.16454
 1205.00    7.13341
 1206.00    7.15758
 1207.00    7.17461
 1208.00    7.14573
 1209.00    7.17159
 1210.00    7.18190
 1211.00    7.15074
 1212.00    7.17514
 1213.00    7.19141
 1214.00    7.16182
 1215.00    7.19110
 1216.00    7.19769
 1217.00    7.16938
 1218.00    7.19360
 1219.00    7.21021
 1220.00    7.18137
 1221.00    7.20944
 1222.00    7.21496
 1223.00    7.18611
 1224.00    7.21227
 1225.00    7.22650
 1226.00    7.19171
 1227.00    7.21107
 1228.00    7.23462
 1229.00    7.20598
 1230.00    7.23581
 1231.00    7.24636
 1232.00    7.21298
 1233.00    7.23411
 1234.00    7.25423
 1235.00    7.21381
 1236.00    7.23419
 1237.00    7.25998
 1238.00    7.23153
 1239.00    7.25543
 1240.00    7.27028
 1241.00    7.23488
 1242.00    7.25747
 1243.00    7.27820
 1244.00    7.24889
 1245.00    7.27146
 1246.00    7.28593
 1247.00    7.25174
 1248.00    7.27556
 1249.00    7.29235
 1250.00    7.26344
 1251.00    7.29002
 1252.00    7.29881
 1253.00    7.26874
 1254.00    7.29274
 1255.00    7.30939
 1256.00    7.27804
 1257.00    7.30877
 1258.00    7.31540
 1259.00    7.28665
 1260.00    7.30993
 1261.00    7.32746
 1262.00    7.30007
 1263.00    7.32529
 1264.00    7.33256
 1265.00    7.30449
 1266.00    7.32678
 1267.00    7.34333
 1268.00    7.31616
 1269.00    7.34229
 1270.00    7.34634
 1271.00    7.32144
 1272.00    7.34587
 1273.00    7.36066
 1274.00    7.33403
 1275.00    7.35638
 1276.00    7.36460
 1277.00    7.33805
 1278.00    7.36197
 1279.00    7.37591
 1280.00    7.34980
 1281.00    7.37701
 1282.00    7.37998
 1283.00    7.35458
 1284.00    7.37842
 1285.00    7.39228
 1286.00    7.35842
 1287.00    7.37950
 1288.00    7.40008
 1289.00    7.37543
 1290.00    7.39959
 1291.00    7.41002
 1292.00    7.37990
 1293.00    7.40086
 1294.00    7.41836
 1295.00    7.38100
 1296.00    7.40096
 1297.00    7.42590
 1298.00    7.39980
 1299.00    7.42344
 1300.00    7.43463
 1301.00    7.40316
 1302.00    7.42368
 1303.00    7.44443
 1304.00    7.41705
 1305.00    7.44206
 1306.00    7.45200
 1307.00    7.42059
 1308.00    7.44370
 1309.00    7.46155
 1310.00    7.43222
 1311.00    7.45703
 1312.00    7.46611
 1313.00    7.43559
 1314.00    7.45885
 1315.00    7.47468
 1316.00    7.43821
 1317.00    7.45733
 1318.00    7.48277
 1319.00    7.45655
 1320.00    7.48072
 1321.00    7.49234
 1322.00    7.45897
 1323.00    7.48016
 1324.00    7.50123
 1325.00    7.47100
 1326.00    7.49376
 1327.00    7.50572
 1328.00    7.47375
 1329.00    7.49672
 1330.00    7.51302
 1331.00    7.47661
 1332.00    7.49545
 1333.00    7.52278
 1334.00    7.49534
 1335.00    7.51713
 1336.00    7.53392
 1337.00    7.49723
 1338.00    7.51772
 1339.00    7.53975
 1340.00    7.51219
 1341.00    7.53652
 1342.00    7.54757
 1343.00    7.51506
 1344.00    7.53630
 1345.00    7.55552
 1346.00    7.51629
 1347.00    7.53595
 1348.00    7.56275
 1349.00    7.53343
 1350.00    7.55768
 1351.00    7.57261
 1352.00    7.53762
 1353.00    7.56006
 1354.00    7.57911
 1355.00    7.53871
 1356.00    7.55779
 1357.00    7.58622
 1358.00    7.55810
 1359.00    7.58138
 1360.00    7.59869
 1361.00    7.56010
 1362.00    7.58176
 1363.00    7.60470
 1364.00    7.57158
 1365.00    7.59747
 1366.00    7.61341
 1367.00    7.57684
 1368.00    7.59876
 1369.00    7.61926
 1370.00    7.58625
 1371.00    7.61514
 1372.00    7.62563
 1373.00    7.59268
 1374.00    7.61694
 1375.00    7.63433
 1376.00    7.59669
 1377.00    7.61756
 1378.00    7.64270
 1379.00    7.61518
 1380.00    7.63891
 1381.00    7.65356
 1382.00    7.61846
 1383.00    7.64142
 1384.00    7.66093
 1385.00    7.62059
 1386.00    7.64075
 1387.00    7.66802
 1388.00    7.64020
 1389.00    7.66462
 1390.00    7.68018
 1391.00    7.64247
 1392.00    7.66472
 1393.00    7.68712
 1394.00    7.65424
 1395.00    7.67653
 1396.00    7.69261
 1397.00    7.65701
 1398.00    7.68102
 1399.00    7.69819
 1400.00    7.66712
 1401.00    7.69007
 1402.00    7.70206
 1403.00    7.67158
 1404.00    7.69447
 1405.00    7.71066
 1406.00    7.68158
 1407.00    7.70556
 1408.00    7.71313
 1409.00    7.68593
 1410.00    7.70900
 1411.00    7.72528
 1412.00    7.69052
 1413.00    7.71053
 1414.00    7.73620
 1415.00    7.70961
 1416.00    7.73391
 1417.00    7.74817
 1418.00    7.71420
 1419.00    7.73662
 1420.00    7.75587
 1421.00    7.72456
 1422.00    7.74786
 1423.00    7.76101
 1424.00    7.72880
 1425.00    7.75192
 1426.00    7.76778
 1427.00    7.73259
 1428.00    7.75285
 1429.00    7.77753
 1430.00    7.75159
 1431.00    7.77546
 1432.00    7.78855
 1433.00    7.75511
 1434.00    7.77764
 1435.00    7.79748
 1436.00    7.76631
 1437.00    7.79357
 1438.00    7.80373
 1439.00    7.77297
 1440.00    7.79658
 1441.00    7.81384
 1442.00    7.78425
 1443.00    7.80603
 1444.00    7.81888
 1445.00    7.78820
 1446.00    7.81078
 1447.00    7.82595
 1448.00    7.79917
 1449.00    7.81958
 1450.00    7.82824
 1451.00    7.80207
 1452.00    7.82391
 1453.00    7.83927
 1454.00    7.81299
 1455.00    7.83326
 1456.00    7.84263
 1457.00    7.81575
 1458.00    7.83841
 1459.00    7.85255
 1460.00    7.82743
 1461.00    7.85229
 1462.00    7.85529
 1463.00    7.83419
 1464.00    7.85497
 1465.00    7.86997
 1466.00    7.84444
 1467.00    7.86939
 1468.00    7.87221
 1469.00    7.85130
 1470.00    7.87231
 1471.00    7.88646
 1472.00    7.90568
 1473.00    7.88317
 1474.00    7.87826
 1475.00    7.88602
 1476.00    7.90486
 1477.00    7.91418
 1478.00    7.88726
 1479.00    7.90830
 1480.00    7.92410
 1481.00    7.88698
 1482.00    7.90871
 1483.00    7.93392
 1484.00    7.90801
 1485.00    7.92798
 1486.00    7.94233
 1487.00    7.90881
 1488.00    7.92841
 1489.00    7.95018
 1490.00    7.92033
 1491.00    7.94523
 1492.00    7.95545
 1493.00    7.92485
 1494.00    7.94754
 1495.00    7.96554
 1496.00    7.93679
 1497.00    7.96429
