    1.00    0.00000
    2.00    0.17621
    3.00    0.16712
    4.00    0.18290
    5.00    0.29820
    6.00    0.29838
    7.00    0.09889
    8.00    0.43929
    9.00    0.44069
   10.00    0.20444
   11.00    0.58743
   12.00    0.59995
   13.00    0.32521
   14.00    0.74664
   15.00    0.74938
   16.00    0.46739
   17.00    0.89535
   18.00    0.89747
   19.00    0.60873
   20.00    1.02506
   21.00    1.02640
   22.00    0.74499
   23.00    1.13622
   24.00    1.13140
   25.00    0.85674
   26.00    1.22868
   27.00    1.23352
   28.00    0.97007
   29.00    1.32258
   30.00    1.31727
   31.00    1.06143
   32.00    1.39762
   33.00    1.39564
   34.00    1.16756
   35.00    1.47242
   36.00    1.46627
   37.00    1.25871
   38.00    1.52674
   39.00    1.52336
   40.00    1.35324
   41.00    1.56753
   42.00    1.56158
   43.00    1.42049
   44.00    1.60116
   45.00    1.59924
   46.00    1.47479
   47.00    1.62814
   48.00    1.62913
   49.00    1.51949
   50.00    1.66550
   51.00    1.64752
   52.00    1.54957
   53.00    1.69954
   54.00    1.68026
   55.00    1.58407
   56.00    1.73065
   57.00    1.71324
   58.00    1.62064
   59.00    1.76240
   60.00    1.74564
   61.00    1.65573
   62.00    1.79407
   63.00    1.77674
   64.00    1.69165
   65.00    1.82474
   66.00    1.80756
   67.00    1.72142
   68.00    1.85414
   69.00    1.83657
   70.00    1.75349
   71.00    1.88349
   72.00    1.86700
   73.00    1.78774
   74.00    1.91353
   75.00    1.89573
   76.00    1.81828
   77.00    1.94503
   78.00    1.92648
   79.00    1.85055
   80.00    1.97461
   81.00    1.95755
   82.00    1.88522
   83.00    2.00460
   84.00    1.98717
   85.00    1.91752
   86.00    2.03398
   87.00    2.01680
   88.00    1.94968
   89.00    2.06289
   90.00    2.04587
   91.00    1.98293
   92.00    2.09163
   93.00    2.07495
   94.00    2.01109
   95.00    2.11936
   96.00    2.10274
   97.00    2.04445
   98.00    2.14696
   99.00    2.13024
  100.00    2.07166
  101.00    2.17426
  102.00    2.15804
  103.00    2.10026
  104.00    2.20131
  105.00    2.18667
  106.00    2.12834
  107.00    2.22785
  108.00    2.21338
  109.00    2.15689
  110.00    2.25335
  111.00    2.23957
  112.00    2.18382
  113.00    2.27871
  114.00    2.26467
  115.00    2.21553
  116.00    2.30289
  117.00    2.28743
  118.00    2.24395
  119.00    2.32517
  120.00    2.31053
  121.00    2.26951
  122.00    2.34877
  123.00    2.33308
  124.00    2.28978
  125.00    2.37147
  126.00    2.35581
  127.00    2.31992
  128.00    2.39455
  129.00    2.37894
  130.00    2.33834
  131.00    2.41809
  132.00    2.40221
  133.00    2.36127
  134.00    2.43565
  135.00    2.44591
  136.00    2.42367
  137.00    2.46343
  138.00    2.47361
  139.00    2.45742
  140.00    2.49024
  141.00    2.50122
  142.00    2.48135
  143.00    2.52034
  144.00    2.50675
  145.00    2.47308
  146.00    2.53984
  147.00    2.52597
  148.00    2.49014
  149.00    2.55507
  150.00    2.56576
  151.00    2.54913
  152.00    2.58444
  153.00    2.57087
  154.00    2.54040
  155.00    2.59888
  156.00    2.60934
  157.00    2.59528
  158.00    2.62148
  159.00    2.63411
  160.00    2.62296
  161.00    2.64584
  162.00    2.65820
  163.00    2.64544
  164.00    2.67012
  165.00    2.68225
  166.00    2.66937
  167.00    2.69306
  168.00    2.70649
  169.00    2.69299
  170.00    2.71830
  171.00    2.73079
  172.00    2.71864
  173.00    2.74268
  174.00    2.75453
  175.00    2.74760
  176.00    2.76658
  177.00    2.77771
  178.00    2.76751
  179.00    2.78994
  180.00    2.80103
  181.00    2.79164
  182.00    2.81317
  183.00    2.82383
  184.00    2.81827
  185.00    2.83621
  186.00    2.84533
  187.00    2.83623
  188.00    2.85836
  189.00    2.86667
  190.00    2.85923
  191.00    2.88014
  192.00    2.88801
  193.00    2.88190
  194.00    2.90190
  195.00    2.90949
  196.00    2.89803
  197.00    2.92317
  198.00    2.93085
  199.00    2.91800
  200.00    2.94399
  201.00    2.95121
  202.00    2.94801
  203.00    2.96422
  204.00    2.97172
  205.00    2.96426
  206.00    2.98432
  207.00    2.99153
  208.00    2.99128
  209.00    3.00451
  210.00    3.01067
  211.00    3.00988
  212.00    3.02332
  213.00    3.03039
  214.00    3.02252
  215.00    3.04300
  216.00    3.04967
  217.00    3.05030
  218.00    3.06189
  219.00    3.06822
  220.00    3.06368
  221.00    3.08045
  222.00    3.08741
  223.00    3.08790
  224.00    3.09947
  225.00    3.10654
  226.00    3.10502
  227.00    3.11762
  228.00    3.12441
  229.00    3.12570
  230.00    3.13504
  231.00    3.14170
  232.00    3.14665
  233.00    3.15228
  234.00    3.15917
  235.00    3.15989
  236.00    3.16960
  237.00    3.17670
  238.00    3.18006
  239.00    3.18638
  240.00    3.19335
  241.00    3.19746
  242.00    3.20231
  243.00    3.20930
  244.00    3.21437
  245.00    3.21865
  246.00    3.22534
  247.00    3.23087
  248.00    3.23350
  249.00    3.24005
  250.00    3.24791
  251.00    3.24845
  252.00    3.25481
  253.00    3.26190
  254.00    3.26380
  255.00    3.27048
  256.00    3.28151
  257.00    3.27909
  258.00    3.28582
  259.00    3.29377
  260.00    3.29397
  261.00    3.30069
  262.00    3.30762
  263.00    3.30914
  264.00    3.31587
  265.00    3.32505
  266.00    3.32391
  267.00    3.33062
  268.00    3.34006
  269.00    3.33821
  270.00    3.34485
  271.00    3.36040
  272.00    3.35218
  273.00    3.35941
  274.00    3.37243
  275.00    3.36713
  276.00    3.37347
  277.00    3.38301
  278.00    3.38074
  279.00    3.38589
  280.00    3.40485
  281.00    3.39266
  282.00    3.39846
  283.00    3.41246
  284.00    3.40601
  285.00    3.41133
  286.00    3.42331
  287.00    3.42006
  288.00    3.42550
  289.00    3.44247
  290.00    3.43405
  291.00    3.44032
  292.00    3.45842
  293.00    3.44659
  294.00    3.45391
  295.00    3.47463
  296.00    3.45969
  297.00    3.46613
  298.00    3.48374
  299.00    3.47168
  300.00    3.47802
  301.00    3.50134
  302.00    3.48288
  303.00    3.48915
  304.00    3.50546
  305.00    3.49426
  306.00    3.50103
  307.00    3.52340
  308.00    3.50585
  309.00    3.51217
  310.00    3.53436
  311.00    3.51669
  312.00    3.52326
  313.00    3.54869
  314.00    3.52752
  315.00    3.53410
  316.00    3.56083
  317.00    3.53883
  318.00    3.54459
  319.00    3.57112
  320.00    3.54883
  321.00    3.55528
  322.00    3.58179
  323.00    3.55948
  324.00    3.56566
  325.00    3.59307
  326.00    3.56981
  327.00    3.57592
  328.00    3.60207
  329.00    3.58008
  330.00    3.58587
  331.00    3.61311
  332.00    3.58996
  333.00    3.59554
  334.00    3.62276
  335.00    3.59878
  336.00    3.60504
  337.00    3.63376
  338.00    3.60827
  339.00    3.61432
  340.00    3.63918
  341.00    3.61841
  342.00    3.62400
  343.00    3.65240
  344.00    3.62729
  345.00    3.63325
  346.00    3.66330
  347.00    3.63648
  348.00    3.64182
  349.00    3.67353
  350.00    3.64535
  351.00    3.65059
  352.00    3.68246
  353.00    3.65360
  354.00    3.65837
  355.00    3.68998
  356.00    3.66086
  357.00    3.66614
  358.00    3.69665
  359.00    3.66923
  360.00    3.67527
  361.00    3.70482
  362.00    3.67740
  363.00    3.68320
  364.00    3.71296
  365.00    3.68577
  366.00    3.69117
  367.00    3.72256
  368.00    3.69330
  369.00    3.69884
  370.00    3.73166
  371.00    3.69988
  372.00    3.70588
  373.00    3.73649
  374.00    3.70732
  375.00    3.71284
  376.00    3.74578
  377.00    3.71459
  378.00    3.71937
  379.00    3.75280
  380.00    3.72134
  381.00    3.72633
  382.00    3.75812
  383.00    3.72757
  384.00    3.73318
  385.00    3.76477
  386.00    3.73444
  387.00    3.73990
  388.00    3.77177
  389.00    3.74123
  390.00    3.74692
  391.00    3.77879
  392.00    3.74829
  393.00    3.75399
  394.00    3.78747
  395.00    3.75521
  396.00    3.76069
  397.00    3.79306
  398.00    3.76170
  399.00    3.76763
  400.00    3.79966
  401.00    3.76905
  402.00    3.77500
  403.00    3.80723
  404.00    3.77582
  405.00    3.78166
  406.00    3.80876
  407.00    3.78276
  408.00    3.78839
  409.00    3.82057
  410.00    3.78942
  411.00    3.79514
  412.00    3.82726
  413.00    3.79664
  414.00    3.80245
  415.00    3.83406
  416.00    3.80362
  417.00    3.80995
  418.00    3.84233
  419.00    3.81091
  420.00    3.81692
  421.00    3.84965
  422.00    3.81736
  423.00    3.82333
  424.00    3.85552
  425.00    3.82389
  426.00    3.82980
  427.00    3.86195
  428.00    3.83086
  429.00    3.83719
  430.00    3.86975
  431.00    3.83812
  432.00    3.84440
  433.00    3.87626
  434.00    3.84559
  435.00    3.85173
  436.00    3.88370
  437.00    3.85199
  438.00    3.85792
  439.00    3.88696
  440.00    3.85825
  441.00    3.86456
  442.00    3.89791
  443.00    3.86516
  444.00    3.87120
  445.00    3.90064
  446.00    3.87183
  447.00    3.87736
  448.00    3.91054
  449.00    3.87834
  450.00    3.88420
  451.00    3.91884
  452.00    3.88383
  453.00    3.88989
  454.00    3.92374
  455.00    3.89011
  456.00    3.89635
  457.00    3.92706
  458.00    3.89595
  459.00    3.90200
  460.00    3.93627
  461.00    3.90228
  462.00    3.90843
  463.00    3.94354
  464.00    3.90884
  465.00    3.91459
  466.00    3.94489
  467.00    3.91538
  468.00    3.92106
  469.00    3.95290
  470.00    3.92033
  471.00    3.92696
  472.00    3.95837
  473.00    3.92637
  474.00    3.93290
  475.00    3.96858
  476.00    3.93266
  477.00    3.93881
  478.00    3.97012
  479.00    3.93811
  480.00    3.94498
  481.00    3.98086
  482.00    3.94421
  483.00    3.95176
  484.00    3.98734
  485.00    3.95151
  486.00    3.95821
  487.00    3.99027
  488.00    3.95767
  489.00    3.96607
  490.00    3.99783
  491.00    3.96492
  492.00    3.96808
  493.00    4.00914
  494.00    3.96987
  495.00    3.97861
  496.00    4.01587
  497.00    4.00329
  498.00    4.00761
  499.00    4.04479
  500.00    4.00722
  501.00    4.01413
  502.00    4.04579
  503.00    4.01387
  504.00    4.02056
  505.00    4.05669
  506.00    4.02026
  507.00    4.02788
  508.00    4.06332
  509.00    4.02666
  510.00    4.03415
  511.00    4.06983
  512.00    4.03241
  513.00    4.04064
  514.00    4.07603
  515.00    4.03808
  516.00    4.04574
  517.00    4.08127
  518.00    4.04372
  519.00    4.05143
  520.00    4.08779
  521.00    4.04964
  522.00    4.05832
  523.00    4.09438
  524.00    4.08102
  525.00    4.08625
  526.00    4.11677
  527.00    4.08454
  528.00    4.09120
  529.00    4.12309
  530.00    4.09046
  531.00    4.09799
  532.00    4.13388
  533.00    4.09609
  534.00    4.10384
  535.00    4.13993
  536.00    4.10064
  537.00    4.10925
  538.00    4.14169
  539.00    4.10532
  540.00    4.11450
  541.00    4.15041
  542.00    4.11059
  543.00    4.11879
  544.00    4.15551
  545.00    4.14155
  546.00    4.14713
  547.00    4.17758
  548.00    4.14498
  549.00    4.15220
  550.00    4.17866
  551.00    4.15059
  552.00    4.15887
  553.00    4.19545
  554.00    4.15626
  555.00    4.16437
  556.00    4.19890
  557.00    4.16106
  558.00    4.17004
  559.00    4.20591
  560.00    4.16473
  561.00    4.17444
  562.00    4.20760
  563.00    4.16916
  564.00    4.17901
  565.00    4.21604
  566.00    4.17376
  567.00    4.18353
  568.00    4.22030
  569.00    4.17822
  570.00    4.18793
  571.00    4.22489
  572.00    4.18223
  573.00    4.19242
  574.00    4.22978
  575.00    4.21316
  576.00    4.22057
  577.00    4.25759
  578.00    4.21769
  579.00    4.22679
  580.00    4.26376
  581.00    4.22393
  582.00    4.23259
  583.00    4.26914
  584.00    4.22731
  585.00    4.23740
  586.00    4.27631
  587.00    4.23174
  588.00    4.24155
  589.00    4.27710
  590.00    4.23506
  591.00    4.24465
  592.00    4.28048
  593.00    4.23716
  594.00    4.24771
  595.00    4.28353
  596.00    4.24073
  597.00    4.25098
  598.00    4.29101
  599.00    4.27383
  600.00    4.28024
  601.00    4.31983
  602.00    4.27508
  603.00    4.28431
  604.00    4.32028
  605.00    4.28000
  606.00    4.28851
  607.00    4.32274
  608.00    4.28200
  609.00    4.29117
  610.00    4.32600
  611.00    4.28453
  612.00    4.29414
  613.00    4.33141
  614.00    4.28644
  615.00    4.29706
  616.00    4.33365
  617.00    4.29014
  618.00    4.29925
  619.00    4.33580
  620.00    4.29225
  621.00    4.30165
  622.00    4.33821
  623.00    4.29511
  624.00    4.30526
  625.00    4.34120
  626.00    4.32516
  627.00    4.33092
  628.00    4.36923
  629.00    4.32515
  630.00    4.33269
  631.00    4.37313
  632.00    4.32842
  633.00    4.33679
  634.00    4.37382
  635.00    4.33031
  636.00    4.33885
  637.00    4.37974
  638.00    4.36179
  639.00    4.36879
  640.00    4.40710
  641.00    4.36343
  642.00    4.37069
  643.00    4.40878
  644.00    4.36540
  645.00    4.37363
  646.00    4.41523
  647.00    4.36752
  648.00    4.37604
  649.00    4.41527
  650.00    4.39720
  651.00    4.40435
  652.00    4.43986
  653.00    4.39592
  654.00    4.40262
  655.00    4.44453
  656.00    4.39546
  657.00    4.40297
  658.00    4.44681
  659.00    4.39635
  660.00    4.40423
  661.00    4.44851
  662.00    4.43010
  663.00    4.43692
  664.00    4.47540
  665.00    4.42858
  666.00    4.43521
  667.00    4.47837
  668.00    4.42834
  669.00    4.43581
  670.00    4.47332
  671.00    4.42950
  672.00    4.43714
  673.00    4.47616
  674.00    4.43044
  675.00    4.43787
  676.00    4.47745
  677.00    4.42889
  678.00    4.43655
  679.00    4.48195
  680.00    4.46254
  681.00    4.47052
  682.00    4.50856
  683.00    4.46248
  684.00    4.46879
  685.00    4.51110
  686.00    4.49262
  687.00    4.50141
  688.00    4.53022
  689.00    4.49091
  690.00    4.49678
  691.00    4.53382
  692.00    4.48985
  693.00    4.49620
  694.00    4.53862
  695.00    4.48999
  696.00    4.49694
  697.00    4.53803
  698.00    4.48908
  699.00    4.49741
  700.00    4.53846
  701.00    4.49033
  702.00    4.49810
  703.00    4.54011
  704.00    4.48948
  705.00    4.49890
  706.00    4.54291
  707.00    4.52241
  708.00    4.53071
  709.00    4.57173
  710.00    4.52447
  711.00    4.53243
  712.00    4.56780
  713.00    4.52580
  714.00    4.53372
  715.00    4.57839
  716.00    4.52610
  717.00    4.53446
  718.00    4.57895
  719.00    4.55813
  720.00    4.56572
  721.00    4.60843
  722.00    4.55701
  723.00    4.56415
  724.00    4.60716
  725.00    4.55711
  726.00    4.56517
  727.00    4.60940
  728.00    4.55710
  729.00    4.56548
  730.00    4.61066
  731.00    4.59017
  732.00    4.59733
  733.00    4.63771
  734.00    4.58785
  735.00    4.59559
  736.00    4.63885
  737.00    4.58804
  738.00    4.59620
  739.00    4.63977
  740.00    4.58812
  741.00    4.59597
  742.00    4.64081
  743.00    4.58760
  744.00    4.59598
  745.00    4.63950
  746.00    4.62069
  747.00    4.62777
  748.00    4.66739
  749.00    4.61779
  750.00    4.62499
  751.00    4.66741
  752.00    4.61716
  753.00    4.62459
  754.00    4.66859
  755.00    4.64854
  756.00    4.65759
  757.00    4.69579
  758.00    4.64768
  759.00    4.65493
  760.00    4.69983
  761.00    4.64695
  762.00    4.65526
  763.00    4.69880
  764.00    4.64637
  765.00    4.65423
  766.00    4.69847
  767.00    4.67612
  768.00    4.68696
  769.00    4.72622
  770.00    4.67747
  771.00    4.68447
  772.00    4.72911
  773.00    4.67496
  774.00    4.68400
  775.00    4.72369
  776.00    4.67482
  777.00    4.68335
  778.00    4.72878
  779.00    4.70574
  780.00    4.71629
  781.00    4.75750
  782.00    4.70686
  783.00    4.71588
  784.00    4.75584
  785.00    4.70709
  786.00    4.71567
  787.00    4.75784
  788.00    4.70495
  789.00    4.71368
  790.00    4.75881
  791.00    4.73749
  792.00    4.74681
  793.00    4.78784
  794.00    4.73645
  795.00    4.74509
  796.00    4.78832
  797.00    4.73548
  798.00    4.74483
  799.00    4.78915
  800.00    4.73520
  801.00    4.74413
  802.00    4.78931
  803.00    4.73319
  804.00    4.74226
  805.00    4.78857
  806.00    4.76755
  807.00    4.77561
  808.00    4.81819
  809.00    4.76571
  810.00    4.77461
  811.00    4.81562
  812.00    4.76338
  813.00    4.77266
  814.00    4.81385
  815.00    4.76234
  816.00    4.77123
  817.00    4.81799
  818.00    4.79491
  819.00    4.80512
  820.00    4.84867
  821.00    4.79500
  822.00    4.80392
  823.00    4.84825
  824.00    4.79355
  825.00    4.80333
  826.00    4.84739
  827.00    4.79291
  828.00    4.80069
  829.00    4.84895
  830.00    4.82746
  831.00    4.83570
  832.00    4.88218
  833.00    4.82502
  834.00    4.83396
  835.00    4.87859
  836.00    4.82397
  837.00    4.83242
  838.00    4.87706
  839.00    4.82033
  840.00    4.83009
  841.00    4.87683
  842.00    4.85374
  843.00    4.86411
  844.00    4.90915
  845.00    4.85185
  846.00    4.86104
  847.00    4.90594
  848.00    4.85001
  849.00    4.85902
  850.00    4.90108
  851.00    4.84696
  852.00    4.85611
  853.00    4.90219
  854.00    4.88041
  855.00    4.89030
  856.00    4.93164
  857.00    4.87918
  858.00    4.88736
  859.00    4.92878
  860.00    4.87674
  861.00    4.88598
  862.00    4.93105
  863.00    4.87487
  864.00    4.88389
  865.00    4.93146
  866.00    4.90934
  867.00    4.91775
  868.00    4.96462
  869.00    4.90727
  870.00    4.91578
  871.00    4.96142
  872.00    4.90441
  873.00    4.91423
  874.00    4.95861
  875.00    4.90283
  876.00    4.91176
  877.00    4.95957
  878.00    4.93552
  879.00    4.94502
  880.00    4.99310
  881.00    4.96730
  882.00    4.98120
  883.00    5.01557
  884.00    4.96561
  885.00    4.97691
  886.00    5.01576
  887.00    4.96386
  888.00    4.97338
  889.00    5.01192
  890.00    4.96230
  891.00    4.97085
  892.00    5.01549
  893.00    4.99340
  894.00    5.00220
  895.00    5.04830
  896.00    5.02463
  897.00    5.04066
  898.00    5.07180
  899.00    5.02699
  900.00    5.03760
  901.00    5.07178
  902.00    5.02305
  903.00    5.03185
  904.00    5.07337
  905.00    5.01729
  906.00    5.02702
  907.00    5.06776
  908.00    5.01371
  909.00    5.02418
  910.00    5.06887
  911.00    5.01204
  912.00    5.02066
  913.00    5.06321
  914.00    5.00777
  915.00    5.01745
  916.00    5.06431
  917.00    5.04052
  918.00    5.04873
  919.00    5.09343
  920.00    5.03496
  921.00    5.04413
  922.00    5.08799
  923.00    5.03146
  924.00    5.04110
  925.00    5.08374
  926.00    5.02873
  927.00    5.03692
  928.00    5.08300
  929.00    5.06025
  930.00    5.06993
  931.00    5.11200
  932.00    5.05437
  933.00    5.06321
  934.00    5.10484
  935.00    5.05091
  936.00    5.06111
  937.00    5.10411
  938.00    5.04823
  939.00    5.05698
  940.00    5.10407
  941.00    5.08153
  942.00    5.09065
  943.00    5.13442
  944.00    5.10686
  945.00    5.12582
  946.00    5.15592
  947.00    5.11014
  948.00    5.12072
  949.00    5.15840
  950.00    5.10667
  951.00    5.11528
  952.00    5.15399
  953.00    5.10210
  954.00    5.11209
  955.00    5.15342
  956.00    5.09851
  957.00    5.10823
  958.00    5.15109
  959.00    5.09493
  960.00    5.10484
  961.00    5.14732
  962.00    5.09074
  963.00    5.10196
  964.00    5.14824
  965.00    5.12529
  966.00    5.13503
  967.00    5.18146
  968.00    5.15626
  969.00    5.17241
  970.00    5.20492
  971.00    5.15662
  972.00    5.16626
  973.00    5.20235
  974.00    5.15263
  975.00    5.16293
  976.00    5.20057
  977.00    5.14969
  978.00    5.15891
  979.00    5.20034
  980.00    5.14376
  981.00    5.15366
  982.00    5.19760
  983.00    5.17606
  984.00    5.18583
  985.00    5.22775
  986.00    5.16878
  987.00    5.17843
  988.00    5.22055
  989.00    5.16462
  990.00    5.17411
  991.00    5.21613
  992.00    5.15949
  993.00    5.16942
  994.00    5.21354
  995.00    5.15408
  996.00    5.16551
  997.00    5.21151
  998.00    5.18914
  999.00    5.19903
 1000.00    5.24221
 1001.00    5.21389
 1002.00    5.23175
 1003.00    5.26315
 1004.00    5.21717
 1005.00    5.22679
 1006.00    5.26341
 1007.00    5.21082
 1008.00    5.22210
 1009.00    5.25943
 1010.00    5.20875
 1011.00    5.21863
 1012.00    5.25855
 1013.00    5.20421
 1014.00    5.21466
 1015.00    5.25877
 1016.00    5.23660
 1017.00    5.24557
 1018.00    5.28788
 1019.00    5.25916
 1020.00    5.27775
 1021.00    5.30804
 1022.00    5.26309
 1023.00    5.27388
 1024.00    5.30852
 1025.00    5.25929
 1026.00    5.26951
 1027.00    5.30685
 1028.00    5.25398
 1029.00    5.26439
 1030.00    5.30447
 1031.00    5.28436
 1032.00    5.29403
 1033.00    5.33478
 1034.00    5.30668
 1035.00    5.32530
 1036.00    5.35172
 1037.00    5.31167
 1038.00    5.32356
 1039.00    5.35957
 1040.00    5.30901
 1041.00    5.31886
 1042.00    5.35230
 1043.00    5.30453
 1044.00    5.31433
 1045.00    5.34946
 1046.00    5.29809
 1047.00    5.30904
 1048.00    5.34767
 1049.00    5.32761
 1050.00    5.33718
 1051.00    5.37423
 1052.00    5.32056
 1053.00    5.33063
 1054.00    5.36698
 1055.00    5.31635
 1056.00    5.32655
 1057.00    5.36235
 1058.00    5.31204
 1059.00    5.32282
 1060.00    5.36085
 1061.00    5.34103
 1062.00    5.34936
 1063.00    5.38803
 1064.00    5.35949
 1065.00    5.37405
 1066.00    5.40466
 1067.00    5.38444
 1068.00    5.39709
 1069.00    5.42385
 1070.00    5.38503
 1071.00    5.40074
 1072.00    5.42216
 1073.00    5.38868
 1074.00    5.40185
 1075.00    5.43117
 1076.00    5.38683
 1077.00    5.39954
 1078.00    5.43256
 1079.00    5.41722
 1080.00    5.42879
 1081.00    5.45747
 1082.00    5.41366
 1083.00    5.42616
 1084.00    5.45728
 1085.00    5.40881
 1086.00    5.42029
 1087.00    5.45691
 1088.00    5.43857
 1089.00    5.45105
 1090.00    5.48269
 1091.00    5.43532
 1092.00    5.44698
 1093.00    5.47918
 1094.00    5.45808
 1095.00    5.47225
 1096.00    5.49594
 1097.00    5.45563
 1098.00    5.46959
 1099.00    5.50575
 1100.00    5.48386
 1101.00    5.49943
 1102.00    5.52667
 1103.00    5.48519
 1104.00    5.49652
 1105.00    5.53242
 1106.00    5.51359
 1107.00    5.52661
 1108.00    5.55221
 1109.00    5.51248
 1110.00    5.52493
 1111.00    5.55768
 1112.00    5.54127
 1113.00    5.55369
 1114.00    5.57388
 1115.00    5.54103
 1116.00    5.55114
 1117.00    5.58006
 1118.00    5.53533
 1119.00    5.54687
 1120.00    5.58362
 1121.00    5.56355
 1122.00    5.57700
 1123.00    5.60979
 1124.00    5.59265
 1125.00    5.59975
 1126.00    5.62011
 1127.00    5.58457
 1128.00    5.59459
 1129.00    5.62182
 1130.00    5.60829
 1131.00    5.61785
 1132.00    5.63612
 1133.00    5.60376
 1134.00    5.61602
 1135.00    5.64133
 1136.00    5.60166
 1137.00    5.61357
 1138.00    5.64222
 1139.00    5.59636
 1140.00    5.60703
 1141.00    5.64005
 1142.00    5.61857
 1143.00    5.63184
 1144.00    5.66296
 1145.00    5.64647
 1146.00    5.65703
 1147.00    5.67196
 1148.00    5.64480
 1149.00    5.65522
 1150.00    5.67690
 1151.00    5.63867
 1152.00    5.64942
 1153.00    5.68769
 1154.00    5.66976
 1155.00    5.67858
 1156.00    5.70418
 1157.00    5.69053
 1158.00    5.69917
 1159.00    5.71970
 1160.00    5.70660
 1161.00    5.71553
 1162.00    5.73706
 1163.00    5.72664
 1164.00    5.73506
 1165.00    5.75471
 1166.00    5.74691
 1167.00    5.75668
 1168.00    5.77445
 1169.00    5.77104
 1170.00    5.78273
 1171.00    5.78995
 1172.00    5.78987
 1173.00    5.80405
 1174.00    5.80697
 1175.00    5.80012
 1176.00    5.81800
 1177.00    5.82714
 1178.00    5.82321
 1179.00    5.84036
 1180.00    5.84456
 1181.00    5.83864
 1182.00    5.85405
 1183.00    5.86471
 1184.00    5.85501
 1185.00    5.87901
 1186.00    5.88479
 1187.00    5.87833
 1188.00    5.89617
 1189.00    5.90406
 1190.00    5.89971
 1191.00    5.89207
 1192.00    5.88758
 1193.00    5.88704
 1194.00    5.90233
 1195.00    5.91389
 1196.00    5.88726
 1197.00    5.91657
 1198.00    5.92591
 1199.00    5.90468
 1200.00    5.92941
 1201.00    5.93200
 1202.00    5.92940
 1203.00    5.93619
 1204.00    5.93476
 1205.00    5.92268
 1206.00    5.94545
 1207.00    5.94824
 1208.00    5.93483
 1209.00    5.94111
 1210.00    5.96538
 1211.00    5.95243
 1212.00    5.96384
 1213.00    5.98112
 1214.00    5.96422
 1215.00    5.97325
 1216.00    5.99693
 1217.00    5.96553
 1218.00    6.00177
 1219.00    6.01563
 1220.00    5.99060
 1221.00    6.03047
 1222.00    6.02588
 1223.00    6.00118
 1224.00    6.02952
 1225.00    6.04794
 1226.00    6.02105
 1227.00    6.06044
 1228.00    6.05903
 1229.00    6.03102
 1230.00    6.06490
 1231.00    6.08273
 1232.00    6.05581
 1233.00    6.09466
 1234.00    6.09268
 1235.00    6.06479
 1236.00    6.09757
 1237.00    6.10994
 1238.00    6.08218
 1239.00    6.12178
 1240.00    6.12501
 1241.00    6.09304
 1242.00    6.12476
 1243.00    6.13706
 1244.00    6.11163
 1245.00    6.14420
 1246.00    6.15225
 1247.00    6.13272
 1248.00    6.17460
 1249.00    6.16470
 1250.00    6.14651
 1251.00    6.18470
 1252.00    6.18577
 1253.00    6.15601
 1254.00    6.18496
 1255.00    6.19905
 1256.00    6.15964
 1257.00    6.18574
 1258.00    6.19589
 1259.00    6.16303
 1260.00    6.18355
 1261.00    6.19538
 1262.00    6.15958
 1263.00    6.18065
 1264.00    6.19217
 1265.00    6.15420
 1266.00    6.17390
 1267.00    6.20131
 1268.00    6.17473
 1269.00    6.19787
 1270.00    6.21609
 1271.00    6.17359
 1272.00    6.19866
 1273.00    6.21621
 1274.00    6.16834
 1275.00    6.18844
 1276.00    6.21559
 1277.00    6.19097
 1278.00    6.21684
 1279.00    6.23177
 1280.00    6.19256
 1281.00    6.21300
 1282.00    6.24263
 1283.00    6.21983
 1284.00    6.23954
 1285.00    6.26019
 1286.00    6.23626
 1287.00    6.26380
 1288.00    6.26982
 1289.00    6.24665
 1290.00    6.27074
 1291.00    6.27862
 1292.00    6.24803
 1293.00    6.27373
 1294.00    6.29420
 1295.00    6.24489
 1296.00    6.26759
 1297.00    6.28999
 1298.00    6.23818
 1299.00    6.25734
 1300.00    6.29022
 1301.00    6.26135
 1302.00    6.28664
 1303.00    6.31309
 1304.00    6.28605
 1305.00    6.31188
 1306.00    6.32413
 1307.00    6.29347
 1308.00    6.31473
 1309.00    6.32888
 1310.00    6.28422
 1311.00    6.30994
 1312.00    6.33966
 1313.00    6.27679
 1314.00    6.29861
 1315.00    6.33089
 1316.00    6.30321
 1317.00    6.32643
 1318.00    6.35067
 1319.00    6.29700
 1320.00    6.31884
 1321.00    6.34819
 1322.00    6.28951
 1323.00    6.31284
 1324.00    6.34387
 1325.00    6.28375
 1326.00    6.30256
 1327.00    6.34195
 1328.00    6.30619
 1329.00    6.32799
 1330.00    6.36558
 1331.00    6.33574
 1332.00    6.36300
 1333.00    6.38197
 1334.00    6.33700
 1335.00    6.35591
 1336.00    6.39155
 1337.00    6.36353
 1338.00    6.38780
 1339.00    6.40772
 1340.00    6.36191
 1341.00    6.38582
 1342.00    6.40708
 1343.00    6.35690
 1344.00    6.37778
 1345.00    6.41005
 1346.00    6.34823
 1347.00    6.36856
 1348.00    6.40484
 1349.00    6.37211
 1350.00    6.39606
 1351.00    6.42717
 1352.00    6.36643
 1353.00    6.38997
 1354.00    6.42780
 1355.00    6.39489
 1356.00    6.41905
 1357.00    6.45017
 1358.00    6.42199
 1359.00    6.44317
 1360.00    6.46503
 1361.00    6.42188
 1362.00    6.44761
 1363.00    6.46610
 1364.00    6.42008
 1365.00    6.44247
 1366.00    6.47094
 1367.00    6.41488
 1368.00    6.43379
 1369.00    6.46632
 1370.00    6.40488
 1371.00    6.42613
 1372.00    6.46634
 1373.00    6.42720
 1374.00    6.44902
 1375.00    6.49140
 1376.00    6.46199
 1377.00    6.48411
 1378.00    6.50725
 1379.00    6.45694
 1380.00    6.48087
 1381.00    6.51448
 1382.00    6.48456
 1383.00    6.51243
 1384.00    6.53128
 1385.00    6.48843
 1386.00    6.51044
 1387.00    6.54068
 1388.00    6.48201
 1389.00    6.49867
 1390.00    6.53659
 1391.00    6.50525
 1392.00    6.53287
 1393.00    6.55901
 1394.00    6.50329
 1395.00    6.52535
 1396.00    6.56455
 1397.00    6.53274
 1398.00    6.55591
 1399.00    6.58539
 1400.00    6.53179
 1401.00    6.55251
 1402.00    6.57922
 1403.00    6.52621
 1404.00    6.54441
 1405.00    6.58479
 1406.00    6.55198
 1407.00    6.57631
 1408.00    6.60800
 1409.00    6.54949
 1410.00    6.56939
 1411.00    6.60275
 1412.00    6.54103
 1413.00    6.56098
 1414.00    6.59493
 1415.00    6.53148
 1416.00    6.54808
 1417.00    6.59300
 1418.00    6.55893
 1419.00    6.57796
 1420.00    6.62268
 1421.00    6.59237
 1422.00    6.61525
 1423.00    6.64212
 1424.00    6.58811
 1425.00    6.61192
 1426.00    6.64384
 1427.00    6.58400
 1428.00    6.60134
 1429.00    6.63839
 1430.00    6.57028
 1431.00    6.59271
 1432.00    6.63145
 1433.00    6.59597
 1434.00    6.61972
 1435.00    6.66104
 1436.00    6.62943
 1437.00    6.65515
 1438.00    6.67427
 1439.00    6.62850
 1440.00    6.65128
 1441.00    6.68449
 1442.00    6.62050
 1443.00    6.64312
 1444.00    6.68126
 1445.00    6.61267
 1446.00    6.63126
 1447.00    6.67204
 1448.00    6.63936
 1449.00    6.66469
 1450.00    6.70230
 1451.00    6.63584
 1452.00    6.65288
 1453.00    6.69712
 1454.00    6.66631
 1455.00    6.68641
 1456.00    6.72401
 1457.00    6.65816
 1458.00    6.67833
 1459.00    6.72091
 1460.00    6.68625
 1461.00    6.71021
 1462.00    6.74342
 1463.00    6.68301
 1464.00    6.70367
 1465.00    6.73949
 1466.00    6.67335
 1467.00    6.69245
 1468.00    6.73506
 1469.00    6.70139
 1470.00    6.72635
 1471.00    6.76211
 1472.00    6.69848
 1473.00    6.71787
 1474.00    6.75811
 1475.00    6.68888
 1476.00    6.70686
 1477.00    6.74843
 1478.00    6.71186
 1479.00    6.73727
 1480.00    6.77355
 1481.00    6.70945
 1482.00    6.73089
 1483.00    6.77205
 1484.00    6.70191
 1485.00    6.71947
 1486.00    6.76080
 1487.00    6.72953
 1488.00    6.75159
 1489.00    6.78857
 1490.00    6.72340
 1491.00    6.74252
 1492.00    6.78669
 1493.00    6.75249
 1494.00    6.77684
 1495.00    6.81033
 1496.00    6.74768
 1497.00    6.76792


