    1.00    0.00000
    2.00    0.16803
    3.00    0.15412
    4.00    0.16779
    5.00    0.29923
    6.00    0.31735
    7.00    0.09085
    8.00    0.43134
    9.00    0.43632
   10.00    0.19631
   11.00    0.55968
   12.00    0.55921
   13.00    0.31466
   14.00    0.68754
   15.00    0.68579
   16.00    0.42621
   17.00    0.80864
   18.00    0.80249
   19.00    0.53352
   20.00    0.94017
   21.00    0.92840
   22.00    0.65234
   23.00    1.06129
   24.00    1.04667
   25.00    0.77454
   26.00    1.17884
   27.00    1.16346
   28.00    0.89923
   29.00    1.26205
   30.00    1.25424
   31.00    1.00847
   32.00    1.33997
   33.00    1.34463
   34.00    1.09462
   35.00    1.40046
   36.00    1.39593
   37.00    1.17779
   38.00    1.45282
   39.00    1.44640
   40.00    1.24665
   41.00    1.50511
   42.00    1.49021
   43.00    1.31264
   44.00    1.54538
   45.00    1.53013
   46.00    1.38133
   47.00    1.58349
   48.00    1.56323
   49.00    1.43372
   50.00    1.62034
   51.00    1.60119
   52.00    1.48317
   53.00    1.65753
   54.00    1.64005
   55.00    1.52244
   56.00    1.69847
   57.00    1.67862
   58.00    1.55950
   59.00    1.73755
   60.00    1.71778
   61.00    1.60028
   62.00    1.77904
   63.00    1.76065
   64.00    1.64174
   65.00    1.81880
   66.00    1.79301
   67.00    1.68164
   68.00    1.85870
   69.00    1.83951
   70.00    1.72725
   71.00    1.90411
   72.00    1.88116
   73.00    1.76875
   74.00    1.93514
   75.00    1.91860
   76.00    1.81506
   77.00    1.97496
   78.00    1.95471
   79.00    1.84794
   80.00    2.02024
   81.00    1.99697
   82.00    1.88792
   83.00    2.05589
   84.00    2.03590
   85.00    1.93210
   86.00    2.09179
   87.00    2.07921
   88.00    1.97189
   89.00    2.13542
   90.00    2.11513
   91.00    2.00968
   92.00    2.17695
   93.00    2.15865
   94.00    2.05115
   95.00    2.21775
   96.00    2.19267
   97.00    2.09697
   98.00    2.26086
   99.00    2.23331
  100.00    2.13477
  101.00    2.29769
  102.00    2.27490
  103.00    2.18127
  104.00    2.33713
  105.00    2.31483
  106.00    2.21847
  107.00    2.38451
  108.00    2.35519
  109.00    2.26188
  110.00    2.42503
  111.00    2.40052
  112.00    2.30977
  113.00    2.46542
  114.00    2.43813
  115.00    2.35014
  116.00    2.50580
  117.00    2.47844
  118.00    2.39195
  119.00    2.54318
  120.00    2.51817
  121.00    2.43615
  122.00    2.58231
  123.00    2.55736
  124.00    2.47530
  125.00    2.61901
  126.00    2.59839
  127.00    2.51598
  128.00    2.66306
  129.00    2.63731
  130.00    2.55143
  131.00    2.70448
  132.00    2.67958
  133.00    2.60123
  134.00    2.74345
  135.00    2.71899
  136.00    2.64090
  137.00    2.78194
  138.00    2.76118
  139.00    2.68186
  140.00    2.82437
  141.00    2.80159
  142.00    2.72116
  143.00    2.86258
  144.00    2.84217
  145.00    2.76363
  146.00    2.90257
  147.00    2.88233
  148.00    2.80537
  149.00    2.94162
  150.00    2.92070
  151.00    2.84475
  152.00    2.98116
  153.00    2.96007
  154.00    2.88360
  155.00    3.01999
  156.00    2.99909
  157.00    2.92670
  158.00    3.05798
  159.00    3.03758
  160.00    2.96657
  161.00    3.09580
  162.00    3.07547
  163.00    3.00729
  164.00    3.11839
  165.00    3.11430
  166.00    3.05234
  167.00    3.13968
  168.00    3.13666
  169.00    3.07827
  170.00    3.15757
  171.00    3.16308
  172.00    3.08137
  173.00    3.20607
  174.00    3.18668
  175.00    3.09840
  176.00    3.22220
  177.00    3.22905
  178.00    3.15355
  179.00    3.27092
  180.00    3.25526
  181.00    3.15713
  182.00    3.29195
  183.00    3.29531
  184.00    3.21879
  185.00    3.34386
  186.00    3.32425
  187.00    3.22332
  188.00    3.36061
  189.00    3.36184
  190.00    3.28942
  191.00    3.41813
  192.00    3.39833
  193.00    3.28847
  194.00    3.43139
  195.00    3.43550
  196.00    3.36355
  197.00    3.48621
  198.00    3.46721
  199.00    3.35575
  200.00    3.49571
  201.00    3.50453
  202.00    3.43620
  203.00    3.56042
  204.00    3.53198
  205.00    3.41933
  206.00    3.56603
  207.00    3.56516
  208.00    3.51079
  209.00    3.63030
  210.00    3.59691
  211.00    3.48762
  212.00    3.63414
  213.00    3.63101
  214.00    3.57133
  215.00    3.69567
  216.00    3.68094
  217.00    3.55372
  218.00    3.72735
  219.00    3.69955
  220.00    3.63773
  221.00    3.78620
  222.00    3.76091
  223.00    3.64661
  224.00    3.82893
  225.00    3.80706
  226.00    3.71232
  227.00    3.87517
  228.00    3.85336
  229.00    3.76174
  230.00    3.91697
  231.00    3.89766
  232.00    3.81591
  233.00    3.95605
  234.00    3.93443
  235.00    3.86349
  236.00    3.99359
  237.00    3.97294
  238.00    3.90654
  239.00    4.02495
  240.00    4.02746
  241.00    3.97264
  242.00    4.05913
  243.00    4.06114
  244.00    4.00876
  245.00    4.09328
  246.00    4.09582
  247.00    4.04368
  248.00    4.12736
  249.00    4.13050
  250.00    4.07943
  251.00    4.16402
  252.00    4.15905
  253.00    4.11411
  254.00    4.19114
  255.00    4.19325
  256.00    4.15115
  257.00    4.22035
  258.00    4.22373
  259.00    4.17872
  260.00    4.25333
  261.00    4.25411
  262.00    4.21116
  263.00    4.28233
  264.00    4.28119
  265.00    4.24884
  266.00    4.30969
  267.00    4.31172
  268.00    4.27424
  269.00    4.33899
  270.00    4.34118
  271.00    4.30515
  272.00    4.36563
  273.00    4.36791
  274.00    4.33462
  275.00    4.38845
  276.00    4.39158
  277.00    4.36850
  278.00    4.41062
  279.00    4.41588
  280.00    4.39810
  281.00    4.43484
  282.00    4.43867
  283.00    4.42631
  284.00    4.45611
  285.00    4.46121
  286.00    4.44956
  287.00    4.47872
  288.00    4.48312
  289.00    4.47306
  290.00    4.50153
  291.00    4.50386
  292.00    4.49229
  293.00    4.52207
  294.00    4.52425
  295.00    4.51704
  296.00    4.53999
  297.00    4.54426
  298.00    4.53513
  299.00    4.55964
  300.00    4.56412
  301.00    4.55657
  302.00    4.58146
  303.00    4.58277
  304.00    4.57764
  305.00    4.59475
  306.00    4.60025
  307.00    4.59699
  308.00    4.61257
  309.00    4.61829
  310.00    4.61522
  311.00    4.63092
  312.00    4.63621
  313.00    4.63200
  314.00    4.64859
  315.00    4.65076
  316.00    4.65428
  317.00    4.66426
  318.00    4.66538
  319.00    4.66927
  320.00    4.67940
  321.00    4.68079
  322.00    4.68515
  323.00    4.69461
  324.00    4.69523
  325.00    4.70253
  326.00    4.70848
  327.00    4.70861
  328.00    4.71791
  329.00    4.72119
  330.00    4.72270
  331.00    4.73339
  332.00    4.74959
  333.00    4.74948
  334.00    4.74754
  335.00    4.77388
  336.00    4.77511
  337.00    4.74315
  338.00    4.79894
  339.00    4.80302
  340.00    4.78087
  341.00    4.82432
  342.00    4.82561
  343.00    4.81262
  344.00    4.84454
  345.00    4.84680
  346.00    4.83870
  347.00    4.86286
  348.00    4.86333
  349.00    4.86072
  350.00    4.87950
  351.00    4.88073
  352.00    4.88226
  353.00    4.89574
  354.00    4.89814
  355.00    4.90046
  356.00    4.91399
  357.00    4.91441
  358.00    4.91849
  359.00    4.92816
  360.00    4.93062
  361.00    4.93769
  362.00    4.95536
  363.00    4.95630
  364.00    4.94491
  365.00    4.97252
  366.00    4.97425
  367.00    4.96929
  368.00    4.99014
  369.00    4.99169
  370.00    4.99398
  371.00    4.99437
  372.00    5.01656
  373.00    5.00575
  374.00    5.03979
  375.00    5.03838
  376.00    5.02859
  377.00    5.05927
  378.00    5.05973
  379.00    5.05344
  380.00    5.07649
  381.00    5.07789
  382.00    5.07619
  383.00    5.09296
  384.00    5.09565
  385.00    5.09602
  386.00    5.10992
  387.00    5.11288
  388.00    5.11571
  389.00    5.12568
  390.00    5.12849
  391.00    5.13485
  392.00    5.14136
  393.00    5.14416
  394.00    5.15201
  395.00    5.14436
  396.00    5.16615
  397.00    5.16741
  398.00    5.17077
  399.00    5.19585
  400.00    5.17601
  401.00    5.19764
  402.00    5.22347
  403.00    5.19793
  404.00    5.22301
  405.00    5.24368
  406.00    5.23749
  407.00    5.24454
  408.00    5.26434
  409.00    5.26592
  410.00    5.26405
  411.00    5.28810
  412.00    5.27265
  413.00    5.28226
  414.00    5.31109
  415.00    5.27519
  416.00    5.31989
  417.00    5.34543
  418.00    5.31380
  419.00    5.34971
  420.00    5.37144
  421.00    5.35105
  422.00    5.37519
  423.00    5.39536
  424.00    5.39150
  425.00    5.39662
  426.00    5.42287
  427.00    5.39828
  428.00    5.42656
  429.00    5.44926
  430.00    5.43050
  431.00    5.45444
  432.00    5.47359
  433.00    5.46328
  434.00    5.47931
  435.00    5.49775
  436.00    5.49418
  437.00    5.49641
  438.00    5.52030
  439.00    5.50174
  440.00    5.52618
  441.00    5.54590
  442.00    5.53100
  443.00    5.55075
  444.00    5.56808
  445.00    5.56168
  446.00    5.56903
  447.00    5.59438
  448.00    5.57233
  449.00    5.60293
  450.00    5.62100
  451.00    5.60196
  452.00    5.62422
  453.00    5.64335
  454.00    5.63255
  455.00    5.64167
  456.00    5.66623
  457.00    5.64347
  458.00    5.67238
  459.00    5.69338
  460.00    5.67490
  461.00    5.70000
  462.00    5.71840
  463.00    5.70523
  464.00    5.72401
  465.00    5.74253
  466.00    5.73068
  467.00    5.74611
  468.00    5.76271
  469.00    5.75582
  470.00    5.75767
  471.00    5.78204
  472.00    5.76688
  473.00    5.78990
  474.00    5.80974
  475.00    5.79579
  476.00    5.81553
  477.00    5.83331
  478.00    5.82242
  479.00    5.83734
  480.00    5.85390
  481.00    5.84611
  482.00    5.84733
  483.00    5.87296
  484.00    5.85840
  485.00    5.87918
  486.00    5.89943
  487.00    5.88773
  488.00    5.90360
  489.00    5.92170
  490.00    5.91182
  491.00    5.92488
  492.00    5.94331
  493.00    5.93690
  494.00    5.93582
  495.00    5.96083
  496.00    5.94866
  497.00    5.96655
  498.00    5.98599
  499.00    5.97462
  500.00    5.97799
  501.00    6.00533
  502.00    5.98985
  503.00    6.01197
  504.00    6.03225
  505.00    6.01771
  506.00    6.03786
  507.00    6.05658
  508.00    6.04529
  509.00    6.04803
  510.00    6.07561
  511.00    6.06198
  512.00    6.08131
  513.00    6.10219
  514.00    6.08743
  515.00    6.10719
  516.00    6.12420
  517.00    6.11468
  518.00    6.11596
  519.00    6.14266
  520.00    6.13162
  521.00    6.14792
  522.00    6.16908
  523.00    6.15535
  524.00    6.17386
  525.00    6.19076
  526.00    6.18155
  527.00    6.18221
  528.00    6.20840
  529.00    6.19834
  530.00    6.21473
  531.00    6.23384
  532.00    6.22017
  533.00    6.24105
  534.00    6.25858
  535.00    6.24447
  536.00    6.26289
  537.00    6.28042
  538.00    6.27229
  539.00    6.27055
  540.00    6.29582
  541.00    6.28706
  542.00    6.30135
  543.00    6.32011
  544.00    6.30918
  545.00    6.30976
  546.00    6.33637
  547.00    6.32531
  548.00    6.34239
  549.00    6.36200
  550.00    6.34883
  551.00    6.36842
  552.00    6.38655
  553.00    6.37230
  554.00    6.39127
  555.00    6.40669
  556.00    6.39826
  557.00    6.39867
  558.00    6.42271
  559.00    6.41252
  560.00    6.42899
  561.00    6.44691
  562.00    6.43603
  563.00    6.45117
  564.00    6.46753
  565.00    6.46116
  566.00    6.45859
  567.00    6.48263
  568.00    6.47626
  569.00    6.48866
  570.00    6.50689
  571.00    6.49439
  572.00    6.51121
  573.00    6.52687
  574.00    6.52127
  575.00    6.51896
  576.00    6.54189
  577.00    6.53784
  578.00    6.52557
  579.00    6.55546
  580.00    6.55235
  581.00    6.55802
  582.00    6.58142
  583.00    6.56874
  584.00    6.58610
  585.00    6.60424
  586.00    6.59401
  587.00    6.60883
  588.00    6.62545
  589.00    6.61566
  590.00    6.62873
  591.00    6.64603
  592.00    6.63719
  593.00    6.64646
  594.00    6.66298
  595.00    6.66048
  596.00    6.65503
  597.00    6.67815
  598.00    6.67526
  599.00    6.66073
  600.00    6.69607
  601.00    6.68720
  602.00    6.69570
  603.00    6.71687
  604.00    6.71272
  605.00    6.70556
  606.00    6.73514
  607.00    6.73191
  608.00    6.73461
  609.00    6.75639
  610.00    6.74759
  611.00    6.75808
  612.00    6.77526
  613.00    6.77423
  614.00    6.76689
  615.00    6.79439
  616.00    6.79467
  617.00    6.79413
  618.00    6.81370
  619.00    6.80924
  620.00    6.80181
  621.00    6.82910
  622.00    6.83199
  623.00    6.82829
  624.00    6.84886
  625.00    6.84278
  626.00    6.84913
  627.00    6.86786
  628.00    6.86149
  629.00    6.86536
  630.00    6.88301
  631.00    6.88179
  632.00    6.87351
  633.00    6.89791
  634.00    6.89777
  635.00    6.89550
  636.00    6.91518
  637.00    6.91318
  638.00    6.90326
  639.00    6.92915
  640.00    6.93098
  641.00    6.92746
  642.00    6.94722
  643.00    6.94312
  644.00    6.94384
  645.00    6.96381
  646.00    6.95839
  647.00    6.95807
  648.00    6.97576
  649.00    6.97507
  650.00    6.96439
  651.00    6.98908
  652.00    6.98530
  653.00    6.98419
  654.00    7.00378
  655.00    7.00359
  656.00    6.99185
  657.00    7.01569
  658.00    7.01478
  659.00    7.01186
  660.00    7.03261
  661.00    7.02342
  662.00    7.02611
  663.00    7.04603
  664.00    7.04103
  665.00    7.03693
  666.00    7.05553
  667.00    7.05570
  668.00    7.04376
  669.00    7.06525
  670.00    7.06488
  671.00    7.05962
  672.00    7.07954
  673.00    7.07636
  674.00    7.06587
  675.00    7.09004
  676.00    7.08407
  677.00    7.08574
  678.00    7.10553
  679.00    7.09895
  680.00    7.09891
  681.00    7.11869
  682.00    7.11706
  683.00    7.10695
  684.00    7.12985
  685.00    7.12442
  686.00    7.12538
  687.00    7.14631
  688.00    7.13558
  689.00    7.13756
  690.00    7.15793
  691.00    7.15691
  692.00    7.14624
  693.00    7.16833
  694.00    7.16329
  695.00    7.16432
  696.00    7.18451
  697.00    7.17384
  698.00    7.17542
  699.00    7.19501
  700.00    7.19492
  701.00    7.18413
  702.00    7.20906
  703.00    7.20135
  704.00    7.20309
  705.00    7.22333
  706.00    7.21697
  707.00    7.20810
  708.00    7.23307
  709.00    7.22293
  710.00    7.22838
  711.00    7.24851
  712.00    7.23623
  713.00    7.24149
  714.00    7.26189
  715.00    7.25615
  716.00    7.24813
  717.00    7.27417
  718.00    7.26225
  719.00    7.26601
  720.00    7.28974
  721.00    7.27748
  722.00    7.28014
  723.00    7.30037
  724.00    7.29810
  725.00    7.28897
  726.00    7.31071
  727.00    7.30151
  728.00    7.30580
  729.00    7.32748
  730.00    7.31568
  731.00    7.31708
  732.00    7.33725
  733.00    7.33894
  734.00    7.32957
  735.00    7.35388
  736.00    7.34307
  737.00    7.34860
  738.00    7.36776
  739.00    7.36116
  740.00    7.35387
  741.00    7.38101
  742.00    7.36816
  743.00    7.37643
  744.00    7.39717
  745.00    7.38612
  746.00    7.38807
  747.00    7.40859
  748.00    7.39609
  749.00    7.40528
  750.00    7.42681
  751.00    7.41196
  752.00    7.41931
  753.00    7.43713
  754.00    7.43161
  755.00    7.43081
  756.00    7.44755
  757.00    7.43814
  758.00    7.44416
  759.00    7.46523
  760.00    7.45052
  761.00    7.45566
  762.00    7.47554
  763.00    7.47301
  764.00    7.46818
  765.00    7.48986
  766.00    7.47913
  767.00    7.48391
  768.00    7.50350
  769.00    7.49602
  770.00    7.49677
  771.00    7.51392
  772.00    7.50459
  773.00    7.51021
  774.00    7.53119
  775.00    7.51764
  776.00    7.52099
  777.00    7.54091
  778.00    7.54184
  779.00    7.53760
  780.00    7.55889
  781.00    7.54638
  782.00    7.55224
  783.00    7.57122
  784.00    7.56456
  785.00    7.55835
  786.00    7.58770
  787.00    7.57354
  788.00    7.58032
  789.00    7.60119
  790.00    7.59126
  791.00    7.58941
  792.00    7.60799
  793.00    7.61112
  794.00    7.60140
  795.00    7.62385
  796.00    7.61629
  797.00    7.61738
  798.00    7.63777
  799.00    7.62793
  800.00    7.62570
  801.00    7.64426
  802.00    7.65042
  803.00    7.63862
  804.00    7.66579
  805.00    7.65316
  806.00    7.65623
  807.00    7.67333
  808.00    7.66889
  809.00    7.65913
  810.00    7.68403
  811.00    7.67756
  812.00    7.67619
  813.00    7.69685
  814.00    7.68937
  815.00    7.68543
  816.00    7.70582
  817.00    7.70648
  818.00    7.69939
  819.00    7.71989
  820.00    7.71394
  821.00    7.71300
  822.00    7.73525
  823.00    7.72511
  824.00    7.72224
  825.00    7.74140
  826.00    7.74588
  827.00    7.73551
  828.00    7.76205
  829.00    7.75133
  830.00    7.74677
  831.00    7.76801
  832.00    7.77030
  833.00    7.75871
  834.00    7.78863
  835.00    7.77614
  836.00    7.77690
  837.00    7.80153
  838.00    7.79177
  839.00    7.79016
  840.00    7.80919
  841.00    7.81309
  842.00    7.80253
  843.00    7.82474
  844.00    7.81542
  845.00    7.81661
  846.00    7.83617
  847.00    7.83221
  848.00    7.81993
  849.00    7.84881
  850.00    7.83871
  851.00    7.83864
  852.00    7.85626
  853.00    7.85587
  854.00    7.84567
  855.00    7.87503
  856.00    7.86244
  857.00    7.86703
  858.00    7.88494
  859.00    7.88198
  860.00    7.87266
  861.00    7.89788
  862.00    7.89224
  863.00    7.88756
  864.00    7.91525
  865.00    7.90235
  866.00    7.90765
  867.00    7.92650
  868.00    7.93036
  869.00    7.91601
  870.00    7.94116
  871.00    7.93908
  872.00    7.93070
  873.00    7.95524
  874.00    7.95287
  875.00    7.94434
  876.00    7.96241
  877.00    7.95945
  878.00    7.95090
  879.00    7.97545
  880.00    7.96853
  881.00    7.96347
  882.00    7.98710
  883.00    7.98809
  884.00    7.97576
  885.00    8.00146
  886.00    7.99112
  887.00    7.98924
  888.00    8.01302
  889.00    8.01264
  890.00    7.99695
  891.00    8.02128
  892.00    8.01731
  893.00    8.01039
  894.00    8.03265
  895.00    8.02691
  896.00    8.01684
  897.00    8.04712
  898.00    8.03402
  899.00    8.03965
  900.00    8.05614
  901.00    8.05248
  902.00    8.04284
  903.00    8.07238
  904.00    8.05711
  905.00    8.06591
  906.00    8.08900
  907.00    8.07937
  908.00    8.07018
  909.00    8.09455
  910.00    8.08434
  911.00    8.08517
  912.00    8.10629
  913.00    8.09944
  914.00    8.10039
  915.00    8.12059
  916.00    8.11626
  917.00    8.10788
  918.00    8.12764
  919.00    8.12133
  920.00    8.11642
  921.00    8.13749
  922.00    8.13106
  923.00    8.13163
  924.00    8.14599
  925.00    8.14932
  926.00    8.13455
  927.00    8.16153
  928.00    8.15260
  929.00    8.14911
  930.00    8.17058
  931.00    8.16906
  932.00    8.16073
  933.00    8.18043
  934.00    8.17355
  935.00    8.17190
  936.00    8.19252
  937.00    8.18258
  938.00    8.18594
  939.00    8.20545
  940.00    8.20502
  941.00    8.18991
  942.00    8.21147
  943.00    8.20975
  944.00    8.19909
  945.00    8.22066
  946.00    8.21755
  947.00    8.20502
  948.00    8.22849
  949.00    8.22311
  950.00    8.21717
  951.00    8.23769
  952.00    8.23003
  953.00    8.23045
  954.00    8.25081
  955.00    8.24716
  956.00    8.23816
  957.00    8.25741
  958.00    8.26538
  959.00    8.25006
  960.00    8.27127
  961.00    8.26940
  962.00    8.26310
  963.00    8.27951
  964.00    8.28293
  965.00    8.26610
  966.00    8.28722
  967.00    8.29253
  968.00    8.27941
  969.00    8.29978
  970.00    8.29486
  971.00    8.28864
  972.00    8.30458
  973.00    8.31282
  974.00    8.29907
  975.00    8.31595
  976.00    8.32146
  977.00    8.30784
  978.00    8.32443
  979.00    8.32398
  980.00    8.30773
  981.00    8.32770
  982.00    8.32699
  983.00    8.31920
  984.00    8.33912
  985.00    8.33473
  986.00    8.32051
  987.00    8.34701
  988.00    8.34032
  989.00    8.33963
  990.00    8.35944
  991.00    8.35118
  992.00    8.35124
  993.00    8.36741
  994.00    8.37210
  995.00    8.35442
  996.00    8.37553
  997.00    8.38040
  998.00    8.36631
  999.00    8.38713
 1000.00    8.38421
 1001.00    8.36876
 1002.00    8.39364
 1003.00    8.38793
 1004.00    8.38610
 1005.00    8.40636
 1006.00    8.39996
 1007.00    8.39703
 1008.00    8.41524
 1009.00    8.41892
 1010.00    8.40194
 1011.00    8.42398
 1012.00    8.42760
 1013.00    8.41436
 1014.00    8.43545
 1015.00    8.43369
 1016.00    8.41680
 1017.00    8.43878
 1018.00    8.44209
 1019.00    8.43096
 1020.00    8.45095
 1021.00    8.44617
 1022.00    8.43182
 1023.00    8.45736
 1024.00    8.44904
 1025.00    8.44937
 1026.00    8.47105
 1027.00    8.46215
 1028.00    8.46215
 1029.00    8.47874
 1030.00    8.48250
 1031.00    8.46592
 1032.00    8.48644
 1033.00    8.48911
 1034.00    8.47848
 1035.00    8.49816
 1036.00    8.49510
 1037.00    8.47924
 1038.00    8.50363
 1039.00    8.49905
 1040.00    8.49467
 1041.00    8.51649
 1042.00    8.50989
 1043.00    8.50795
 1044.00    8.52183
 1045.00    8.52877
 1046.00    8.51389
 1047.00    8.53508
 1048.00    8.53584
 1049.00    8.52732
 1050.00    8.54585
 1051.00    8.54382
 1052.00    8.52692
 1053.00    8.54836
 1054.00    8.55118
 1055.00    8.54096
 1056.00    8.56146
 1057.00    8.55510
 1058.00    8.55187
 1059.00    8.56973
 1060.00    8.57301
 1061.00    8.55588
 1062.00    8.57826
 1063.00    8.57541
 1064.00    8.57129
 1065.00    8.58788
 1066.00    8.58807
 1067.00    8.57211
 1068.00    8.59223
 1069.00    8.59570
 1070.00    8.58371
 1071.00    8.60378
 1072.00    8.59957
 1073.00    8.58451
 1074.00    8.60694
 1075.00    8.60225
 1076.00    8.59996
 1077.00    8.61986
 1078.00    8.61171
 1079.00    8.61144
 1080.00    8.62623
 1081.00    8.63032
 1082.00    8.61652
 1083.00    8.63412
 1084.00    8.63767
 1085.00    8.62518
 1086.00    8.64500
 1087.00    8.64228
 1088.00    8.62641
 1089.00    8.64828
 1090.00    8.64657
 1091.00    8.63806
 1092.00    8.66066
 1093.00    8.65355
 1094.00    8.65252
 1095.00    8.66966
 1096.00    8.67132
 1097.00    8.65472
 1098.00    8.67418
 1099.00    8.67579
 1100.00    8.66683
 1101.00    8.68522
 1102.00    8.68291
 1103.00    8.66792
 1104.00    8.68832
 1105.00    8.68914
 1106.00    8.68088
 1107.00    8.70012
 1108.00    8.69340
 1109.00    8.69090
 1110.00    8.70663
 1111.00    8.71016
 1112.00    8.69389
 1113.00    8.71411
 1114.00    8.71560
 1115.00    8.70619
 1116.00    8.72407
 1117.00    8.72181
 1118.00    8.70640
 1119.00    8.72761
 1120.00    8.72584
 1121.00    8.71992
 1122.00    8.73535
 1123.00    8.73310
 1124.00    8.72401
 1125.00    8.74512
 1126.00    8.74726
 1127.00    8.72916
 1128.00    8.74988
 1129.00    8.75381
 1130.00    8.74150
 1131.00    8.75987
 1132.00    8.75888
 1133.00    8.74543
 1134.00    8.76388
 1135.00    8.76625
 1136.00    8.75576
 1137.00    8.77418
 1138.00    8.76971
 1139.00    8.76618
 1140.00    8.78290
 1141.00    8.78652
 1142.00    8.76898
 1143.00    8.79147
 1144.00    8.79284
 1145.00    8.78439
 1146.00    8.80124
 1147.00    8.80104
 1148.00    8.78477
 1149.00    8.80520
 1150.00    8.80927
 1151.00    8.79731
 1152.00    8.81500
 1153.00    8.81105
 1154.00    8.80412
 1155.00    8.82300
 1156.00    8.82736
 1157.00    8.81090
 1158.00    8.83168
 1159.00    8.83244
 1160.00    8.82121
 1161.00    8.84202
 1162.00    8.84181
 1163.00    8.82548
 1164.00    8.84536
 1165.00    8.84884
 1166.00    8.83636
 1167.00    8.85610
 1168.00    8.85095
 1169.00    8.84683
 1170.00    8.86093
 1171.00    8.86704
 1172.00    8.85001
 1173.00    8.87038
 1174.00    8.87039
 1175.00    8.85907
 1176.00    8.88006
 1177.00    8.88030
 1178.00    8.86412
 1179.00    8.88390
 1180.00    8.88730
 1181.00    8.87390
 1182.00    8.89329
 1183.00    8.89093
 1184.00    8.87648
 1185.00    8.89743
 1186.00    8.89343
 1187.00    8.88978
 1188.00    8.90637
 1189.00    8.90178
 1190.00    8.89231
 1191.00    8.91323
 1192.00    8.90457
 1193.00    8.90849
 1194.00    8.92522
 1195.00    8.91420
 1196.00    8.91411
 1197.00    8.93508
 1198.00    8.93309
 1199.00    8.91871
 1200.00    8.93728
 1201.00    8.93601
 1202.00    8.93022
 1203.00    8.94877
 1204.00    8.94374
 1205.00    8.93186
 1206.00    8.95238
 1207.00    8.94566
 1208.00    8.94602
 1209.00    8.96443
 1210.00    8.95410
 1211.00    8.95725
 1212.00    8.97270
 1213.00    8.97392
 1214.00    8.95910
 1215.00    8.97981
 1216.00    8.97977
 1217.00    8.97232
 1218.00    8.99029
 1219.00    8.98850
 1220.00    8.97557
 1221.00    8.99480
 1222.00    8.99573
 1223.00    8.98967
 1224.00    9.00684
 1225.00    8.99993
 1226.00    8.98866
 1227.00    9.01158
 1228.00    9.00193
 1229.00    9.00685
 1230.00    9.02451
 1231.00    9.01507
 1232.00    9.01732
 1233.00    9.03091
 1234.00    9.03309
 1235.00    9.01910
 1236.00    9.03977
 1237.00    9.03881
 1238.00    9.03371
 1239.00    9.05126
 1240.00    9.04698
 1241.00    9.03484
 1242.00    9.05335
 1243.00    9.05161
 1244.00    9.04832
 1245.00    9.06628
 1246.00    9.05778
 1247.00    9.05811
 1248.00    9.07241
 1249.00    9.07583
 1250.00    9.06131
 1251.00    9.07981
 1252.00    9.08030
 1253.00    9.07332
 1254.00    9.08983
 1255.00    9.08731
 1256.00    9.07263
 1257.00    9.09316
 1258.00    9.09192
 1259.00    9.08717
 1260.00    9.10236
 1261.00    9.09796
 1262.00    9.08586
 1263.00    9.10736
 1264.00    9.09929
 1265.00    9.09677
 1266.00    9.11900
 1267.00    9.10952
 1268.00    9.10940
 1269.00    9.12716
 1270.00    9.12928
 1271.00    9.11469
 1272.00    9.13433
 1273.00    9.13502
 1274.00    9.12834
 1275.00    9.14487
 1276.00    9.14145
 1277.00    9.12873
 1278.00    9.14884
 1279.00    9.14652
 1280.00    9.14276
 1281.00    9.15966
 1282.00    9.15238
 1283.00    9.14094
 1284.00    9.16337
 1285.00    9.15387
 1286.00    9.15607
 1287.00    9.17614
 1288.00    9.16628
 1289.00    9.16953
 1290.00    9.18424
 1291.00    9.18599
 1292.00    9.17356
 1293.00    9.19194
 1294.00    9.19152
 1295.00    9.18124
 1296.00    9.20356
 1297.00    9.19882
 1298.00    9.18675
 1299.00    9.20673
 1300.00    9.20454
 1301.00    9.19811
 1302.00    9.21870
 1303.00    9.21010
 1304.00    9.21169
 1305.00    9.22586
 1306.00    9.22856
 1307.00    9.21510
 1308.00    9.23347
 1309.00    9.23313
 1310.00    9.22604
 1311.00    9.24450
 1312.00    9.24111
 1313.00    9.22823
 1314.00    9.24797
 1315.00    9.24687
 1316.00    9.23794
 1317.00    9.25910
 1318.00    9.25211
 1319.00    9.24127
 1320.00    9.26203
 1321.00    9.25378
 1322.00    9.25395
 1323.00    9.27422
 1324.00    9.26426
 1325.00    9.26819
 1326.00    9.28210
 1327.00    9.28388
 1328.00    9.27328
 1329.00    9.28880
 1330.00    9.28684
 1331.00    9.27854
 1332.00    9.30003
 1333.00    9.29474
 1334.00    9.28301
 1335.00    9.30311
 1336.00    9.29883
 1337.00    9.29327
 1338.00    9.31469
 1339.00    9.30622
 1340.00    9.29648
 1341.00    9.31858
 1342.00    9.30825
 1343.00    9.31466
 1344.00    9.33199
 1345.00    9.31989
 1346.00    9.32548
 1347.00    9.33813
 1348.00    9.33884
 1349.00    9.32643
 1350.00    9.34683
 1351.00    9.34056
 1352.00    9.33945
 1353.00    9.35767
 1354.00    9.35293
 1355.00    9.34151
 1356.00    9.36048
 1357.00    9.35736
 1358.00    9.35219
 1359.00    9.37223
 1360.00    9.36339
 1361.00    9.35373
 1362.00    9.37536
 1363.00    9.36586
 1364.00    9.36713
 1365.00    9.38844
 1366.00    9.37818
 1367.00    9.37878
 1368.00    9.39576
 1369.00    9.39705
 1370.00    9.38557
 1371.00    9.40341
 1372.00    9.40037
 1373.00    9.39456
 1374.00    9.41503
 1375.00    9.40953
 1376.00    9.39875
 1377.00    9.41718
 1378.00    9.41545
 1379.00    9.41257
 1380.00    9.42951
 1381.00    9.42080
 1382.00    9.41115
 1383.00    9.43052
 1384.00    9.42246
 1385.00    9.42621
 1386.00    9.44332
 1387.00    9.43148
 1388.00    9.43748
 1389.00    9.45203
 1390.00    9.45178
 1391.00    9.44128
 1392.00    9.45804
 1393.00    9.45711
 1394.00    9.44888
 1395.00    9.46962
 1396.00    9.46351
 1397.00    9.45333
 1398.00    9.47201
 1399.00    9.46745
 1400.00    9.46732
 1401.00    9.48439
 1402.00    9.47492
 1403.00    9.47718
 1404.00    9.49130
 1405.00    9.50417
 1406.00    9.48360
 1407.00    9.50124
 1408.00    9.50466
 1409.00    9.49292
 1410.00    9.50840
 1411.00    9.50723
 1412.00    9.49428
 1413.00    9.51313
 1414.00    9.50773
 1415.00    9.50244
 1416.00    9.52367
 1417.00    9.51716
 1418.00    9.50681
 1419.00    9.52674
 1420.00    9.51805
 1421.00    9.52224
 1422.00    9.53961
 1423.00    9.52839
 1424.00    9.53129
 1425.00    9.54543
 1426.00    9.54550
 1427.00    9.53286
 1428.00    9.55092
 1429.00    9.54911
 1430.00    9.53993
 1431.00    9.56103
 1432.00    9.55674
 1433.00    9.54588
 1434.00    9.56442
 1435.00    9.56293
 1436.00    9.55997
 1437.00    9.57549
 1438.00    9.56803
 1439.00    9.55898
 1440.00    9.57821
 1441.00    9.57158
 1442.00    9.57549
 1443.00    9.59110
 1444.00    9.58113
 1445.00    9.58288
 1446.00    9.59683
 1447.00    9.59995
 1448.00    9.58833
 1449.00    9.60545
 1450.00    9.60621
 1451.00    9.60114
 1452.00    9.61620
 1453.00    9.61256
 1454.00    9.60170
 1455.00    9.62046
 1456.00    9.62138
 1457.00    9.61591
 1458.00    9.63106
 1459.00    9.62438
 1460.00    9.61569
 1461.00    9.63439
 1462.00    9.62806
 1463.00    9.62657
 1464.00    9.64652
 1465.00    9.63760
 1466.00    9.63100
 1467.00    9.65027
 1468.00    9.63985
 1469.00    9.64714
 1470.00    9.66628
 1471.00    9.65247
 1472.00    9.65811
 1473.00    9.67293
 1474.00    9.68294
 1475.00    9.66992
 1476.00    9.68741
 1477.00    9.68515
 1478.00    9.67995
 1479.00    9.69513
 1480.00    9.69064
 1481.00    9.67907
 1482.00    9.69753
 1483.00    9.69181
 1484.00    9.69446
 1485.00    9.71047
 1486.00    9.70145
 1487.00    9.69444
 1488.00    9.71210
 1489.00    9.70317
 1490.00    9.71049
 1491.00    9.72594
 1492.00    9.71421
 1493.00    9.71755
 1494.00    9.72931
 1495.00    9.73312
 1496.00    9.72180
 1497.00    9.74026
