    1.00    0.00000
    2.00    0.18478
    3.00    0.16812
    4.00    0.17277
    5.00    0.30403
    6.00    0.29981
    7.00    0.08757
    8.00    0.44674
    9.00    0.44365
   10.00    0.17589
   11.00    0.57683
   12.00    0.57674
   13.00    0.30877
   14.00    0.71024
   15.00    0.71537
   16.00    0.43407
   17.00    0.84325
   18.00    0.84365
   19.00    0.55554
   20.00    0.96658
   21.00    0.97348
   22.00    0.68983
   23.00    1.07403
   24.00    1.07186
   25.00    0.80182
   26.00    1.17417
   27.00    1.16913
   28.00    0.91258
   29.00    1.25417
   30.00    1.25190
   31.00    1.02092
   32.00    1.32052
   33.00    1.32503
   34.00    1.10937
   35.00    1.37653
   36.00    1.38044
   37.00    1.18061
   38.00    1.43129
   39.00    1.43407
   40.00    1.24953
   41.00    1.47837
   42.00    1.47856
   43.00    1.30590
   44.00    1.52330
   45.00    1.52689
   46.00    1.35882
   47.00    1.56403
   48.00    1.56639
   49.00    1.41284
   50.00    1.61837
   51.00    1.60684
   52.00    1.45390
   53.00    1.66288
   54.00    1.65004
   55.00    1.49657
   56.00    1.70114
   57.00    1.68889
   58.00    1.54530
   59.00    1.74692
   60.00    1.73562
   61.00    1.59648
   62.00    1.79212
   63.00    1.78196
   64.00    1.64343
   65.00    1.83003
   66.00    1.81650
   67.00    1.69139
   68.00    1.86635
   69.00    1.85594
   70.00    1.73167
   71.00    1.90280
   72.00    1.89270
   73.00    1.77034
   74.00    1.93818
   75.00    1.93066
   76.00    1.80960
   77.00    1.97256
   78.00    1.96521
   79.00    1.84725
   80.00    2.00698
   81.00    1.99646
   82.00    1.88380
   83.00    2.04049
   84.00    2.03347
   85.00    1.91613
   86.00    2.07627
   87.00    2.06655
   88.00    1.95661
   89.00    2.11319
   90.00    2.10083
   91.00    1.99319
   92.00    2.14323
   93.00    2.13503
   94.00    2.03384
   95.00    2.17771
   96.00    2.16597
   97.00    2.06350
   98.00    2.21086
   99.00    2.19760
  100.00    2.09812
  101.00    2.24140
  102.00    2.23198
  103.00    2.13558
  104.00    2.27408
  105.00    2.26159
  106.00    2.16765
  107.00    2.30390
  108.00    2.29014
  109.00    2.20361
  110.00    2.33648
  111.00    2.32136
  112.00    2.23212
  113.00    2.36536
  114.00    2.35022
  115.00    2.27309
  116.00    2.39460
  117.00    2.38003
  118.00    2.30374
  119.00    2.42441
  120.00    2.40810
  121.00    2.33750
  122.00    2.43404
  123.00    2.44478
  124.00    2.37281
  125.00    2.47689
  126.00    2.45966
  127.00    2.35563
  128.00    2.51131
  129.00    2.49383
  130.00    2.40726
  131.00    2.54106
  132.00    2.52623
  133.00    2.44516
  134.00    2.57122
  135.00    2.54547
  136.00    2.48149
  137.00    2.60046
  138.00    2.57265
  139.00    2.51306
  140.00    2.62288
  141.00    2.62393
  142.00    2.57134
  143.00    2.62678
  144.00    2.60970
  145.00    2.49251
  146.00    2.63183
  147.00    2.64318
  148.00    2.59264
  149.00    2.68096
  150.00    2.66541
  151.00    2.55060
  152.00    2.67966
  153.00    2.69143
  154.00    2.63071
  155.00    2.73229
  156.00    2.71535
  157.00    2.58710
  158.00    2.75526
  159.00    2.76375
  160.00    2.66009
  161.00    2.79491
  162.00    2.78151
  163.00    2.68119
  164.00    2.83097
  165.00    2.82052
  166.00    2.72694
  167.00    2.86484
  168.00    2.85256
  169.00    2.76750
  170.00    2.89656
  171.00    2.88297
  172.00    2.80551
  173.00    2.92075
  174.00    2.92314
  175.00    2.86379
  176.00    2.92150
  177.00    2.90680
  178.00    2.78843
  179.00    2.96570
  180.00    2.94945
  181.00    2.85895
  182.00    2.99995
  183.00    2.99887
  184.00    2.92929
  185.00    2.99180
  186.00    2.97599
  187.00    2.85431
  188.00    3.03761
  189.00    3.02157
  190.00    2.92158
  191.00    3.07529
  192.00    3.07206
  193.00    3.00010
  194.00    3.07124
  195.00    3.04970
  196.00    2.92356
  197.00    3.11565
  198.00    3.10996
  199.00    3.02885
  200.00    3.10353
  201.00    3.08192
  202.00    2.95375
  203.00    3.15602
  204.00    3.13884
  205.00    3.03357
  206.00    3.19057
  207.00    3.19291
  208.00    3.11614
  209.00    3.18980
  210.00    3.17053
  211.00    3.04182
  212.00    3.23755
  213.00    3.23466
  214.00    3.14292
  215.00    3.21790
  216.00    3.20052
  217.00    3.06931
  218.00    3.27007
  219.00    3.25766
  220.00    3.14663
  221.00    3.31298
  222.00    3.31000
  223.00    3.22405
  224.00    3.35070
  225.00    3.35324
  226.00    3.26850
  227.00    3.39026
  228.00    3.39414
  229.00    3.33150
  230.00    3.42579
  231.00    3.42866
  232.00    3.37481
  233.00    3.45835
  234.00    3.46236
  235.00    3.41223
  236.00    3.48557
  237.00    3.49272
  238.00    3.44970
  239.00    3.51293
  240.00    3.52023
  241.00    3.47770
  242.00    3.53906
  243.00    3.54598
  244.00    3.50420
  245.00    3.56104
  246.00    3.56777
  247.00    3.54361
  248.00    3.56896
  249.00    3.57129
  250.00    3.51449
  251.00    3.60344
  252.00    3.60749
  253.00    3.55213
  254.00    3.63286
  255.00    3.63699
  256.00    3.58987
  257.00    3.65647
  258.00    3.66417
  259.00    3.62549
  260.00    3.68012
  261.00    3.68513
  262.00    3.65529
  263.00    3.70169
  264.00    3.70586
  265.00    3.68851
  266.00    3.70854
  267.00    3.71126
  268.00    3.66835
  269.00    3.70863
  270.00    3.70272
  271.00    3.64606
  272.00    3.74460
  273.00    3.74520
  274.00    3.68875
  275.00    3.73362
  276.00    3.73504
  277.00    3.67100
  278.00    3.78075
  279.00    3.78429
  280.00    3.72089
  281.00    3.76493
  282.00    3.77024
  283.00    3.70029
  284.00    3.81881
  285.00    3.82338
  286.00    3.75267
  287.00    3.86031
  288.00    3.86327
  289.00    3.80193
  290.00    3.88988
  291.00    3.89590
  292.00    3.84373
  293.00    3.90104
  294.00    3.92434
  295.00    3.90319
  296.00    3.90678
  297.00    3.93318
  298.00    3.88697
  299.00    3.96228
  300.00    3.96581
  301.00    3.91657
  302.00    3.97322
  303.00    3.99657
  304.00    3.96263
  305.00    3.97042
  306.00    3.99855
  307.00    3.95313
  308.00    3.96071
  309.00    3.98963
  310.00    3.94536
  311.00    4.03477
  312.00    4.03951
  313.00    3.97650
  314.00    3.99753
  315.00    4.02806
  316.00    3.97102
  317.00    4.07826
  318.00    4.08038
  319.00    4.01081
  320.00    4.11479
  321.00    4.11871
  322.00    4.06229
  323.00    4.10537
  324.00    4.11029
  325.00    4.05133
  326.00    4.15089
  327.00    4.15384
  328.00    4.09642
  329.00    4.13850
  330.00    4.14309
  331.00    4.08512
  332.00    4.18478
  333.00    4.18715
  334.00    4.12559
  335.00    4.16908
  336.00    4.17497
  337.00    4.11524
  338.00    4.21859
  339.00    4.22103
  340.00    4.16041
  341.00    4.20498
  342.00    4.20894
  343.00    4.15021
  344.00    4.17031
  345.00    4.19388
  346.00    4.14296
  347.00    4.25127
  348.00    4.25323
  349.00    4.18123
  350.00    4.23798
  351.00    4.22232
  352.00    4.15330
  353.00    4.29750
  354.00    4.29360
  355.00    4.21628
  356.00    4.33768
  357.00    4.33865
  358.00    4.27451
  359.00    4.32529
  360.00    4.32600
  361.00    4.25995
  362.00    4.37172
  363.00    4.37393
  364.00    4.30759
  365.00    4.35517
  366.00    4.35787
  367.00    4.29593
  368.00    4.34511
  369.00    4.32464
  370.00    4.26558
  371.00    4.40233
  372.00    4.39569
  373.00    4.32697
  374.00    4.44108
  375.00    4.44344
  376.00    4.37645
  377.00    4.47953
  378.00    4.47923
  379.00    4.42745
  380.00    4.47040
  381.00    4.46976
  382.00    4.41186
  383.00    4.51000
  384.00    4.51037
  385.00    4.44997
  386.00    4.49214
  387.00    4.49656
  388.00    4.44101
  389.00    4.48986
  390.00    4.46755
  391.00    4.41139
  392.00    4.53537
  393.00    4.53195
  394.00    4.47040
  395.00    4.51985
  396.00    4.50396
  397.00    4.44063
  398.00    4.57237
  399.00    4.56814
  400.00    4.50088
  401.00    4.60969
  402.00    4.61051
  403.00    4.54688
  404.00    4.61884
  405.00    4.64252
  406.00    4.61019
  407.00    4.61976
  408.00    4.64402
  409.00    4.60165
  410.00    4.64216
  411.00    4.63442
  412.00    4.58750
  413.00    4.65566
  414.00    4.68033
  415.00    4.63303
  416.00    4.67758
  417.00    4.67238
  418.00    4.61995
  419.00    4.69752
  420.00    4.72170
  421.00    4.66880
  422.00    4.71391
  423.00    4.71009
  424.00    4.65732
  425.00    4.71166
  426.00    4.69365
  427.00    4.64463
  428.00    4.72270
  429.00    4.75004
  430.00    4.69200
  431.00    4.77422
  432.00    4.79857
  433.00    4.74360
  434.00    4.78884
  435.00    4.78743
  436.00    4.73040
  437.00    4.81033
  438.00    4.83677
  439.00    4.78241
  440.00    4.82753
  441.00    4.82431
  442.00    4.76911
  443.00    4.84850
  444.00    4.87401
  445.00    4.82071
  446.00    4.86600
  447.00    4.86264
  448.00    4.80792
  449.00    4.88674
  450.00    4.91092
  451.00    4.86068
  452.00    4.90641
  453.00    4.90203
  454.00    4.84616
  455.00    4.92341
  456.00    4.95036
  457.00    4.89885
  458.00    4.94458
  459.00    4.94022
  460.00    4.88347
  461.00    4.96271
  462.00    4.98766
  463.00    4.93703
  464.00    4.98403
  465.00    4.97889
  466.00    4.92208
  467.00    5.00132
  468.00    5.02751
  469.00    4.97476
  470.00    5.02021
  471.00    5.01663
  472.00    4.95995
  473.00    5.03682
  474.00    5.06507
  475.00    5.01205
  476.00    5.05858
  477.00    5.05435
  478.00    4.99767
  479.00    5.07642
  480.00    5.10078
  481.00    5.04928
  482.00    5.09488
  483.00    5.09080
  484.00    5.03477
  485.00    5.11284
  486.00    5.13890
  487.00    5.08579
  488.00    5.13198
  489.00    5.12652
  490.00    5.07178
  491.00    5.14872
  492.00    5.17476
  493.00    5.11876
  494.00    5.18968
  495.00    5.21471
  496.00    5.16469
  497.00    5.22359
  498.00    5.24687
  499.00    5.21651
  500.00    5.22125
  501.00    5.24291
  502.00    5.20726
  503.00    5.20875
  504.00    5.23569
  505.00    5.20074
  506.00    5.25414
  507.00    5.28013
  508.00    5.23285
  509.00    5.29170
  510.00    5.31622
  511.00    5.27909
  512.00    5.28781
  513.00    5.30925
  514.00    5.27281
  515.00    5.27430
  516.00    5.30257
  517.00    5.27048
  518.00    5.32201
  519.00    5.30046
  520.00    5.25545
  521.00    5.30614
  522.00    5.28575
  523.00    5.23925
  524.00    5.29616
  525.00    5.27181
  526.00    5.22551
  527.00    5.28234
  528.00    5.26494
  529.00    5.21588
  530.00    5.27810
  531.00    5.25674
  532.00    5.20445
  533.00    5.27106
  534.00    5.24893
  535.00    5.19385
  536.00    5.26125
  537.00    5.23881
  538.00    5.17966
  539.00    5.24438
  540.00    5.22663
  541.00    5.16567
  542.00    5.23695
  543.00    5.21403
  544.00    5.15304
  545.00    5.26916
  546.00    5.25443
  547.00    5.18123
  548.00    5.30126
  549.00    5.29380
  550.00    5.22680
  551.00    5.33610
  552.00    5.33215
  553.00    5.27222
  554.00    5.32390
  555.00    5.31722
  556.00    5.25580
  557.00    5.36031
  558.00    5.35722
  559.00    5.29753
  560.00    5.34461
  561.00    5.34073
  562.00    5.27882
  563.00    5.33620
  564.00    5.32456
  565.00    5.27028
  566.00    5.37530
  567.00    5.36848
  568.00    5.30189
  569.00    5.41263
  570.00    5.40856
  571.00    5.34822
  572.00    5.39540
  573.00    5.39093
  574.00    5.33163
  575.00    5.38386
  576.00    5.37215
  577.00    5.32033
  578.00    5.37929
  579.00    5.35739
  580.00    5.30721
  581.00    5.36895
  582.00    5.34871
  583.00    5.29500
  584.00    5.36123
  585.00    5.33948
  586.00    5.28285
  587.00    5.34459
  588.00    5.32709
  589.00    5.27054
  590.00    5.33438
  591.00    5.31571
  592.00    5.25777
  593.00    5.36320
  594.00    5.35456
  595.00    5.28074
  596.00    5.39328
  597.00    5.38676
  598.00    5.32553
  599.00    5.42929
  600.00    5.42477
  601.00    5.36742
  602.00    5.41489
  603.00    5.40886
  604.00    5.35309
  605.00    5.40171
  606.00    5.39289
  607.00    5.34575
  608.00    5.39648
  609.00    5.38116
  610.00    5.33586
  611.00    5.39176
  612.00    5.37136
  613.00    5.32412
  614.00    5.38304
  615.00    5.36367
  616.00    5.31076
  617.00    5.37379
  618.00    5.35518
  619.00    5.30021
  620.00    5.40315
  621.00    5.39264
  622.00    5.31954
  623.00    5.43255
  624.00    5.42548
  625.00    5.36189
  626.00    5.46666
  627.00    5.46342
  628.00    5.40221
  629.00    5.48125
  630.00    5.50174
  631.00    5.45159
  632.00    5.51480
  633.00    5.53467
  634.00    5.49256
  635.00    5.52977
  636.00    5.52404
  637.00    5.46933
  638.00    5.54009
  639.00    5.56111
  640.00    5.52123
  641.00    5.55416
  642.00    5.54907
  643.00    5.49576
  644.00    5.56513
  645.00    5.58583
  646.00    5.53889
  647.00    5.59583
  648.00    5.61674
  649.00    5.58092
  650.00    5.58697
  651.00    5.61024
  652.00    5.56741
  653.00    5.62234
  654.00    5.64407
  655.00    5.60944
  656.00    5.64215
  657.00    5.63343
  658.00    5.58490
  659.00    5.64673
  660.00    5.66853
  661.00    5.62530
  662.00    5.66191
  663.00    5.65589
  664.00    5.60694
  665.00    5.64065
  666.00    5.63511
  667.00    5.59027
  668.00    5.63241
  669.00    5.61842
  670.00    5.57744
  671.00    5.62657
  672.00    5.60531
  673.00    5.56114
  674.00    5.61241
  675.00    5.59522
  676.00    5.54718
  677.00    5.60096
  678.00    5.58451
  679.00    5.53645
  680.00    5.58864
  681.00    5.57576
  682.00    5.52565
  683.00    5.57793
  684.00    5.56468
  685.00    5.51342
  686.00    5.56865
  687.00    5.55324
  688.00    5.50286
  689.00    5.55342
  690.00    5.54498
  691.00    5.49100
  692.00    5.54236
  693.00    5.53436
  694.00    5.47637
  695.00    5.53717
  696.00    5.53161
  697.00    5.45908
  698.00    5.57805
  699.00    5.57174
  700.00    5.49966
  701.00    5.61277
  702.00    5.60103
  703.00    5.53205
  704.00    5.64455
  705.00    5.63329
  706.00    5.56319
  707.00    5.68092
  708.00    5.67381
  709.00    5.60347
  710.00    5.71425
  711.00    5.71037
  712.00    5.64635
  713.00    5.71735
  714.00    5.74238
  715.00    5.70229
  716.00    5.73665
  717.00    5.72934
  718.00    5.68037
  719.00    5.74044
  720.00    5.76502
  721.00    5.72145
  722.00    5.76783
  723.00    5.79171
  724.00    5.76109
  725.00    5.79129
  726.00    5.78550
  727.00    5.74184
  728.00    5.79245
  729.00    5.81598
  730.00    5.77966
  731.00    5.81364
  732.00    5.83923
  733.00    5.81918
  734.00    5.81520
  735.00    5.83925
  736.00    5.80970
  737.00    5.83790
  738.00    5.82782
  739.00    5.78646
  740.00    5.83729
  741.00    5.85991
  742.00    5.82282
  743.00    5.85489
  744.00    5.84887
  745.00    5.80337
  746.00    5.86058
  747.00    5.88430
  748.00    5.84227
  749.00    5.87413
  750.00    5.87111
  751.00    5.82371
  752.00    5.88281
  753.00    5.90827
  754.00    5.86351
  755.00    5.91362
  756.00    5.93801
  757.00    5.90276
  758.00    5.90515
  759.00    5.93150
  760.00    5.89360
  761.00    5.93925
  762.00    5.96334
  763.00    5.92745
  764.00    5.95939
  765.00    5.95346
  766.00    5.90870
  767.00    5.96236
  768.00    5.98778
  769.00    5.94969
  770.00    5.98145
  771.00    5.97687
  772.00    5.93316
  773.00    5.98679
  774.00    6.01190
  775.00    5.97305
  776.00    6.00671
  777.00    6.00131
  778.00    5.95780
  779.00    6.01165
  780.00    6.03672
  781.00    5.99726
  782.00    6.02864
  783.00    6.02610
  784.00    5.98493
  785.00    6.03674
  786.00    6.06169
  787.00    6.02199
  788.00    6.05598
  789.00    6.05095
  790.00    6.01114
  791.00    6.06144
  792.00    6.08712
  793.00    6.04565
  794.00    6.09058
  795.00    6.11589
  796.00    6.08608
  797.00    6.08806
  798.00    6.11143
  799.00    6.08030
  800.00    6.11160
  801.00    6.10113
  802.00    6.06938
  803.00    6.11012
  804.00    6.13556
  805.00    6.09878
  806.00    6.13048
  807.00    6.12540
  808.00    6.09472
  809.00    6.12808
  810.00    6.11446
  811.00    6.08956
  812.00    6.12884
  813.00    6.11114
  814.00    6.07785
  815.00    6.12466
  816.00    6.10529
  817.00    6.06765
  818.00    6.12040
  819.00    6.10280
  820.00    6.05581
  821.00    6.11127
  822.00    6.09514
  823.00    6.04261
  824.00    6.13397
  825.00    6.12205
  826.00    6.06829
  827.00    6.12188
  828.00    6.10397
  829.00    6.06426
  830.00    6.11736
  831.00    6.10049
  832.00    6.05367
  833.00    6.11269
  834.00    6.09276
  835.00    6.04195
  836.00    6.09799
  837.00    6.08640
  838.00    6.03145
  839.00    6.13024
  840.00    6.11627
  841.00    6.05489
  842.00    6.15921
  843.00    6.14324
  844.00    6.08453
  845.00    6.18230
  846.00    6.17636
  847.00    6.12019
  848.00    6.21541
  849.00    6.21012
  850.00    6.15760
  851.00    6.21803
  852.00    6.24071
  853.00    6.20749
  854.00    6.23768
  855.00    6.23310
  856.00    6.19105
  857.00    6.22449
  858.00    6.21551
  859.00    6.17115
  860.00    6.21328
  861.00    6.19759
  862.00    6.15890
  863.00    6.20454
  864.00    6.18395
  865.00    6.15137
  866.00    6.20851
  867.00    6.17527
  868.00    6.14300
  869.00    6.19727
  870.00    6.17180
  871.00    6.13187
  872.00    6.12332
  873.00    6.11554
  874.00    6.15735
  875.00    6.21004
  876.00    6.19240
  877.00    6.14219
  878.00    6.13511
  879.00    6.11740
  880.00    6.16733
  881.00    6.21914
  882.00    6.20155
  883.00    6.16118
  884.00    6.20593
  885.00    6.19161
  886.00    6.15123
  887.00    6.14135
  888.00    6.12951
  889.00    6.17548
  890.00    6.21682
  891.00    6.19852
  892.00    6.16385
  893.00    6.21021
  894.00    6.19071
  895.00    6.15819
  896.00    6.20495
  897.00    6.19192
  898.00    6.14541
  899.00    6.19301
  900.00    6.18346
  901.00    6.13503
  902.00    6.22493
  903.00    6.21424
  904.00    6.16005
  905.00    6.25443
  906.00    6.24316
  907.00    6.18827
  908.00    6.28322
  909.00    6.27333
  910.00    6.21614
  911.00    6.31252
  912.00    6.30533
  913.00    6.25142
  914.00    6.31114
  915.00    6.33246
  916.00    6.30029
  917.00    6.33232
  918.00    6.32349
  919.00    6.28062
  920.00    6.35620
  921.00    6.35122
  922.00    6.30655
  923.00    6.35089
  924.00    6.37402
  925.00    6.34990
  926.00    6.36930
  927.00    6.38936
  928.00    6.38460
  929.00    6.37569
  930.00    6.39536
  931.00    6.37879
  932.00    6.40973
  933.00    6.39536
  934.00    6.35501
  935.00    6.39730
  936.00    6.41876
  937.00    6.39631
  938.00    6.42534
  939.00    6.41478
  940.00    6.37471
  941.00    6.42129
  942.00    6.44290
  943.00    6.41293
  944.00    6.44360
  945.00    6.43671
  946.00    6.39246
  947.00    6.44610
  948.00    6.46715
  949.00    6.43430
  950.00    6.47081
  951.00    6.49280
  952.00    6.47277
  953.00    6.50051
  954.00    6.49213
  955.00    6.45337
  956.00    6.49582
  957.00    6.51772
  958.00    6.49076
  959.00    6.52000
  960.00    6.51208
  961.00    6.47343
  962.00    6.51778
  963.00    6.53938
  964.00    6.51124
  965.00    6.54231
  966.00    6.53517
  967.00    6.49367
  968.00    6.54024
  969.00    6.56290
  970.00    6.53285
  971.00    6.56292
  972.00    6.58515
  973.00    6.56647
  974.00    6.56218
  975.00    6.58658
  976.00    6.56139
  977.00    6.58711
  978.00    6.57988
  979.00    6.54381
  980.00    6.58689
  981.00    6.60860
  982.00    6.57923
  983.00    6.61088
  984.00    6.60307
  985.00    6.56791
  986.00    6.61183
  987.00    6.63424
  988.00    6.60282
  989.00    6.63725
  990.00    6.63024
  991.00    6.59292
  992.00    6.63646
  993.00    6.66191
  994.00    6.62834
  995.00    6.66372
  996.00    6.68750
  997.00    6.66085
  998.00    6.68494
  999.00    6.70703
 1000.00    6.70049
 1001.00    6.69008
 1002.00    6.71465
 1003.00    6.69373
 1004.00    6.72741
 1005.00    6.71410
 1006.00    6.67957
 1007.00    6.71130
 1008.00    6.73419
 1009.00    6.71540
 1010.00    6.74248
 1011.00    6.73466
 1012.00    6.70362
 1013.00    6.73821
 1014.00    6.75987
 1015.00    6.73687
 1016.00    6.76687
 1017.00    6.75914
 1018.00    6.72862
 1019.00    6.76348
 1020.00    6.78578
 1021.00    6.76124
 1022.00    6.79270
 1023.00    6.78582
 1024.00    6.75410
 1025.00    6.78959
 1026.00    6.81387
 1027.00    6.78570
 1028.00    6.82011
 1029.00    6.81280
 1030.00    6.77977
 1031.00    6.81582
 1032.00    6.84142
 1033.00    6.81342
 1034.00    6.84648
 1035.00    6.83891
 1036.00    6.80639
 1037.00    6.84319
 1038.00    6.86722
 1039.00    6.83904
 1040.00    6.87303
 1041.00    6.86539
 1042.00    6.83269
 1043.00    6.86875
 1044.00    6.89447
 1045.00    6.86444
 1046.00    6.89654
 1047.00    6.89061
 1048.00    6.85904
 1049.00    6.89536
 1050.00    6.92046
 1051.00    6.89055
 1052.00    6.92314
 1053.00    6.91674
 1054.00    6.88552
 1055.00    6.92174
 1056.00    6.94657
 1057.00    6.91633
 1058.00    6.95017
 1059.00    6.94311
 1060.00    6.91079
 1061.00    6.94765
 1062.00    6.97289
 1063.00    6.94190
 1064.00    6.97387
 1065.00    6.99777
 1066.00    6.97622
 1067.00    7.00493
 1068.00    6.99770
 1069.00    6.96590
 1070.00    6.99803
 1071.00    7.02164
 1072.00    7.00029
 1073.00    7.02898
 1074.00    7.02137
 1075.00    6.98995
 1076.00    7.02213
 1077.00    7.04605
 1078.00    7.02358
 1079.00    7.05409
 1080.00    7.04610
 1081.00    7.01409
 1082.00    7.04776
 1083.00    7.07167
 1084.00    7.04764
 1085.00    7.07944
 1086.00    7.07080
 1087.00    7.03923
 1088.00    7.07284
 1089.00    7.09696
 1090.00    7.07179
 1091.00    7.10324
 1092.00    7.09602
 1093.00    7.06391
 1094.00    7.09814
 1095.00    7.12258
 1096.00    7.09635
 1097.00    7.12978
 1098.00    7.12101
 1099.00    7.08951
 1100.00    7.12299
 1101.00    7.14793
 1102.00    7.11960
 1103.00    7.15317
 1104.00    7.14553
 1105.00    7.11482
 1106.00    7.14857
 1107.00    7.17393
 1108.00    7.14565
 1109.00    7.17187
 1110.00    7.19568
 1111.00    7.18002
 1112.00    7.20278
 1113.00    7.19739
 1114.00    7.16888
 1115.00    7.19506
 1116.00    7.21884
 1117.00    7.20175
 1118.00    7.22594
 1119.00    7.21927
 1120.00    7.19085
 1121.00    7.21923
 1122.00    7.24195
 1123.00    7.22165
 1124.00    7.23683
 1125.00    7.26047
 1126.00    7.25209
 1127.00    7.24199
 1128.00    7.26582
 1129.00    7.24767
 1130.00    7.26227
 1131.00    7.28414
 1132.00    7.27304
 1133.00    7.26337
 1134.00    7.28682
 1135.00    7.27017
 1136.00    7.28341
 1137.00    7.30559
 1138.00    7.29356
 1139.00    7.28511
 1140.00    7.30821
 1141.00    7.29005
 1142.00    7.30521
 1143.00    7.32831
 1144.00    7.31183
 1145.00    7.32043
 1146.00    7.34338
 1147.00    7.33851
 1148.00    7.32208
 1149.00    7.34739
 1150.00    7.33564
 1151.00    7.36049
 1152.00    7.34959
 1153.00    7.32705
 1154.00    7.34680
 1155.00    7.36892
 1156.00    7.36112
 1157.00    7.38744
 1158.00    7.37244
 1159.00    7.34727
 1160.00    7.38444
 1161.00    7.36572
 1162.00    7.33858
 1163.00    7.37470
 1164.00    7.35811
 1165.00    7.32891
 1166.00    7.36806
 1167.00    7.36002
 1168.00    7.32498
 1169.00    7.37075
 1170.00    7.35502
 1171.00    7.32164
 1172.00    7.36922
 1173.00    7.35423
 1174.00    7.31236
 1175.00    7.38139
 1176.00    7.36411
 1177.00    7.34016
 1178.00    7.38048
 1179.00    7.36552
 1180.00    7.33552
 1181.00    7.39308
 1182.00    7.37675
 1183.00    7.35715
 1184.00    7.39280
 1185.00    7.37761
 1186.00    7.35006
 1187.00    7.39596
 1188.00    7.38111
 1189.00    7.34291
 1190.00    7.40926
 1191.00    7.39408
 1192.00    7.36989
 1193.00    7.40991
 1194.00    7.39448
 1195.00    7.36160
 1196.00    7.42243
 1197.00    7.40750
 1198.00    7.38680
 1199.00    7.42404
 1200.00    7.40729
 1201.00    7.38215
 1202.00    7.39329
 1203.00    7.37321
 1204.00    7.40642
 1205.00    7.44800
 1206.00    7.43079
 1207.00    7.39325
 1208.00    7.40394
 1209.00    7.38321
 1210.00    7.41738
 1211.00    7.46279
 1212.00    7.44973
 1213.00    7.40270
 1214.00    7.47822
 1215.00    7.46451
 1216.00    7.43173
 1217.00    7.47425
 1218.00    7.45973
 1219.00    7.42050
 1220.00    7.48541
 1221.00    7.46666
 1222.00    7.44290
 1223.00    7.48364
 1224.00    7.46499
 1225.00    7.43413
 1226.00    7.49072
 1227.00    7.47361
 1228.00    7.45464
 1229.00    7.49114
 1230.00    7.47365
 1231.00    7.44599
 1232.00    7.45885
 1233.00    7.43696
 1234.00    7.47098
 1235.00    7.51295
 1236.00    7.49418
 1237.00    7.45907
 1238.00    7.51975
 1239.00    7.50105
 1240.00    7.47980
 1241.00    7.51617
 1242.00    7.50002
 1243.00    7.47099
 1244.00    7.48293
 1245.00    7.46163
 1246.00    7.49596
 1247.00    7.50255
 1248.00    7.48383
 1249.00    7.51375
 1250.00    7.55418
 1251.00    7.53988
 1252.00    7.50196
 1253.00    7.51805
 1254.00    7.48981
 1255.00    7.51589
 1256.00    7.56073
 1257.00    7.53061
 1258.00    7.50515
 1259.00    7.58555
 1260.00    7.57635
 1261.00    7.54371
 1262.00    7.58018
 1263.00    7.56832
 1264.00    7.53076
 1265.00    7.53419
 1266.00    7.50810
 1267.00    7.54499
 1268.00    7.58172
 1269.00    7.57130
 1270.00    7.53285
 1271.00    7.53789
 1272.00    7.51377
 1273.00    7.54753
 1274.00    7.55875
 1275.00    7.53081
 1276.00    7.55843
 1277.00    7.59361
 1278.00    7.58597
 1279.00    7.54792
 1280.00    7.55885
 1281.00    7.53421
 1282.00    7.56055
 1283.00    7.57389
 1284.00    7.54699
 1285.00    7.56892
 1286.00    7.60416
 1287.00    7.59683
 1288.00    7.55865
 1289.00    7.61938
 1290.00    7.61130
 1291.00    7.58071
 1292.00    7.61977
 1293.00    7.59257
 1294.00    7.57047
 1295.00    7.59167
 1296.00    7.56681
 1297.00    7.57853
 1298.00    7.61209
 1299.00    7.59349
 1300.00    7.56641
 1301.00    7.62134
 1302.00    7.60574
 1303.00    7.59460
 1304.00    7.63485
 1305.00    7.60496
 1306.00    7.58741
 1307.00    7.60725
 1308.00    7.58568
 1309.00    7.59488
 1310.00    7.64085
 1311.00    7.60878
 1312.00    7.58370
 1313.00    7.66304
 1314.00    7.65462
 1315.00    7.62447
 1316.00    7.65714
 1317.00    7.64871
 1318.00    7.61192
 1319.00    7.61752
 1320.00    7.59758
 1321.00    7.62116
 1322.00    7.63358
 1323.00    7.60630
 1324.00    7.62902
 1325.00    7.66454
 1326.00    7.65581
 1327.00    7.62024
 1328.00    7.67961
 1329.00    7.66948
 1330.00    7.63648
 1331.00    7.67795
 1332.00    7.65099
 1333.00    7.62803
 1334.00    7.65071
 1335.00    7.62384
 1336.00    7.63666
 1337.00    7.67128
 1338.00    7.65303
 1339.00    7.62835
 1340.00    7.68157
 1341.00    7.66477
 1342.00    7.65261
 1343.00    7.69524
 1344.00    7.66462
 1345.00    7.64560
 1346.00    7.66516
 1347.00    7.64161
 1348.00    7.65189
 1349.00    7.69775
 1350.00    7.66584
 1351.00    7.64380
 1352.00    7.72112
 1353.00    7.71159
 1354.00    7.68135
 1355.00    7.71502
 1356.00    7.70575
 1357.00    7.67013
 1358.00    7.67865
 1359.00    7.65550
 1360.00    7.67982
 1361.00    7.69258
 1362.00    7.66510
 1363.00    7.68775
 1364.00    7.72143
 1365.00    7.71269
 1366.00    7.67864
 1367.00    7.68809
 1368.00    7.66731
 1369.00    7.68875
 1370.00    7.70199
 1371.00    7.67847
 1372.00    7.69630
 1373.00    7.72711
 1374.00    7.72191
 1375.00    7.68842
 1376.00    7.74532
 1377.00    7.73662
 1378.00    7.70637
 1379.00    7.74560
 1380.00    7.71735
 1381.00    7.69657
 1382.00    7.71995
 1383.00    7.69391
 1384.00    7.70327
 1385.00    7.73564
 1386.00    7.71738
 1387.00    7.69537
 1388.00    7.71850
 1389.00    7.69245
 1390.00    7.70315
 1391.00    7.72670
 1392.00    7.70264
 1393.00    7.70755
 1394.00    7.73763
 1395.00    7.72176
 1396.00    7.70332
 1397.00    7.73062
 1398.00    7.70040
 1399.00    7.70930
 1400.00    7.73405
 1401.00    7.71229
 1402.00    7.71192
 1403.00    7.74021
 1404.00    7.72473
 1405.00    7.71018
 1406.00    7.73579
 1407.00    7.71051
 1408.00    7.71542
 1409.00    7.74131
 1410.00    7.71897
 1411.00    7.71802
 1412.00    7.74585
 1413.00    7.73052
 1414.00    7.71520
 1415.00    7.74270
 1416.00    7.71623
 1417.00    7.72478
 1418.00    7.75179
 1419.00    7.72885
 1420.00    7.72716
 1421.00    7.75375
 1422.00    7.73841
 1423.00    7.72596
 1424.00    7.75532
 1425.00    7.72786
 1426.00    7.73125
 1427.00    7.76061
 1428.00    7.73961
 1429.00    7.73568
 1430.00    7.76151
 1431.00    7.74671
 1432.00    7.73514
 1433.00    7.76302
 1434.00    7.73677
 1435.00    7.74114
 1436.00    7.77061
 1437.00    7.74860
 1438.00    7.74589
 1439.00    7.77026
 1440.00    7.75533
 1441.00    7.74434
 1442.00    7.77496
 1443.00    7.74707
 1444.00    7.75037
 1445.00    7.78034
 1446.00    7.75991
 1447.00    7.75401
 1448.00    7.77820
 1449.00    7.76318
 1450.00    7.75438
 1451.00    7.78580
 1452.00    7.75735
 1453.00    7.75880
 1454.00    7.79040
 1455.00    7.76483
 1456.00    7.76172
 1457.00    7.79459
 1458.00    7.77103
 1459.00    7.76296
 1460.00    7.78598
 1461.00    7.76957
 1462.00    7.76317
 1463.00    7.79269
 1464.00    7.77759
 1465.00    7.76594
 1466.00    7.79992
 1467.00    7.78368
 1468.00    7.76535
 1469.00    7.80635
 1470.00    7.78695
 1471.00    7.76334
 1472.00    7.79273
 1473.00    7.76573
 1474.00    7.77912
 1475.00    7.81621
 1476.00    7.79927
 1477.00    7.77550
 1478.00    7.80428
 1479.00    7.77444
 1480.00    7.78889
 1481.00    7.82522
 1482.00    7.80960
 1483.00    7.78483
 1484.00    7.81165
 1485.00    7.78496
 1486.00    7.79947
 1487.00    7.83599
 1488.00    7.82029
 1489.00    7.79629
 1490.00    7.82069
 1491.00    7.79827
 1492.00    7.80922
 1493.00    7.84641
 1494.00    7.82985
 1495.00    7.80345
 1496.00    7.82807
 1497.00    7.80498


