    1.00    0.00000
    2.00    0.17554
    3.00    0.16473
    4.00    0.18167
    5.00    0.29862
    6.00    0.29980
    7.00    0.10208
    8.00    0.44162
    9.00    0.44053
   10.00    0.20414
   11.00    0.58829
   12.00    0.59776
   13.00    0.32635
   14.00    0.74355
   15.00    0.74628
   16.00    0.46450
   17.00    0.89278
   18.00    0.89753
   19.00    0.60417
   20.00    1.02412
   21.00    1.02604
   22.00    0.74405
   23.00    1.13322
   24.00    1.13082
   25.00    0.85656
   26.00    1.22892
   27.00    1.22544
   28.00    0.96884
   29.00    1.31977
   30.00    1.32054
   31.00    1.06131
   32.00    1.39931
   33.00    1.39699
   34.00    1.16327
   35.00    1.47532
   36.00    1.46821
   37.00    1.26016
   38.00    1.53371
   39.00    1.52817
   40.00    1.35180
   41.00    1.59245
   42.00    1.57702
   43.00    1.41691
   44.00    1.61251
   45.00    1.60940
   46.00    1.47765
   47.00    1.64131
   48.00    1.64106
   49.00    1.52863
   50.00    1.66381
   51.00    1.66547
   52.00    1.56896
   53.00    1.69939
   54.00    1.67973
   55.00    1.58122
   56.00    1.73202
   57.00    1.71351
   58.00    1.62010
   59.00    1.76322
   60.00    1.74633
   61.00    1.65574
   62.00    1.79539
   63.00    1.77874
   64.00    1.69179
   65.00    1.82636
   66.00    1.80902
   67.00    1.72955
   68.00    1.85646
   69.00    1.83945
   70.00    1.75456
   71.00    1.88648
   72.00    1.86893
   73.00    1.78499
   74.00    1.91825
   75.00    1.89964
   76.00    1.82012
   77.00    1.94797
   78.00    1.93045
   79.00    1.85494
   80.00    1.97936
   81.00    1.96012
   82.00    1.88716
   83.00    2.00951
   84.00    1.99106
   85.00    1.92448
   86.00    2.03815
   87.00    2.02092
   88.00    1.95363
   89.00    2.06692
   90.00    2.04959
   91.00    1.98422
   92.00    2.09574
   93.00    2.07823
   94.00    2.01544
   95.00    2.12323
   96.00    2.10594
   97.00    2.04794
   98.00    2.15103
   99.00    2.13317
  100.00    2.07509
  101.00    2.17706
  102.00    2.16220
  103.00    2.10649
  104.00    2.20451
  105.00    2.18986
  106.00    2.13228
  107.00    2.22915
  108.00    2.21600
  109.00    2.16396
  110.00    2.25370
  111.00    2.24040
  112.00    2.18762
  113.00    2.27846
  114.00    2.26352
  115.00    2.21355
  116.00    2.30151
  117.00    2.28646
  118.00    2.24241
  119.00    2.32406
  120.00    2.31012
  121.00    2.26614
  122.00    2.34614
  123.00    2.33047
  124.00    2.29349
  125.00    2.36809
  126.00    2.35266
  127.00    2.31777
  128.00    2.39059
  129.00    2.37472
  130.00    2.33465
  131.00    2.41312
  132.00    2.39702
  133.00    2.35653
  134.00    2.43529
  135.00    2.41911
  136.00    2.38252
  137.00    2.46151
  138.00    2.49051
  139.00    2.42281
  140.00    2.51044
  141.00    2.51847
  142.00    2.45954
  143.00    2.53739
  144.00    2.54572
  145.00    2.50472
  146.00    2.56695
  147.00    2.55218
  148.00    2.50847
  149.00    2.58455
  150.00    2.59304
  151.00    2.56293
  152.00    2.60765
  153.00    2.61962
  154.00    2.59933
  155.00    2.63349
  156.00    2.64586
  157.00    2.62596
  158.00    2.65915
  159.00    2.67074
  160.00    2.65481
  161.00    2.68446
  162.00    2.69528
  163.00    2.67891
  164.00    2.70959
  165.00    2.72010
  166.00    2.70347
  167.00    2.73387
  168.00    2.74432
  169.00    2.73356
  170.00    2.75808
  171.00    2.76848
  172.00    2.75338
  173.00    2.78157
  174.00    2.79201
  175.00    2.78271
  176.00    2.80527
  177.00    2.81392
  178.00    2.80706
  179.00    2.82766
  180.00    2.83579
  181.00    2.82827
  182.00    2.84990
  183.00    2.85832
  184.00    2.85152
  185.00    2.87278
  186.00    2.88125
  187.00    2.87384
  188.00    2.89575
  189.00    2.90459
  190.00    2.89194
  191.00    2.91825
  192.00    2.92630
  193.00    2.91851
  194.00    2.93990
  195.00    2.94837
  196.00    2.94037
  197.00    2.96258
  198.00    2.97071
  199.00    2.96718
  200.00    2.98513
  201.00    2.99303
  202.00    2.98820
  203.00    3.00713
  204.00    3.01438
  205.00    3.00720
  206.00    3.02892
  207.00    3.03671
  208.00    3.03372
  209.00    3.05065
  210.00    3.05764
  211.00    3.05164
  212.00    3.07133
  213.00    3.07804
  214.00    3.07637
  215.00    3.09183
  216.00    3.09844
  217.00    3.09725
  218.00    3.11197
  219.00    3.11863
  220.00    3.11897
  221.00    3.13238
  222.00    3.13868
  223.00    3.13597
  224.00    3.15221
  225.00    3.15892
  226.00    3.15707
  227.00    3.17228
  228.00    3.17851
  229.00    3.17904
  230.00    3.19086
  231.00    3.19721
  232.00    3.19675
  233.00    3.20985
  234.00    3.21639
  235.00    3.21778
  236.00    3.22866
  237.00    3.23495
  238.00    3.24141
  239.00    3.24691
  240.00    3.25325
  241.00    3.25709
  242.00    3.26452
  243.00    3.27109
  244.00    3.28002
  245.00    3.28200
  246.00    3.28854
  247.00    3.29816
  248.00    3.29989
  249.00    3.30602
  250.00    3.31510
  251.00    3.31705
  252.00    3.32335
  253.00    3.33252
  254.00    3.33429
  255.00    3.34084
  256.00    3.34762
  257.00    3.35179
  258.00    3.35753
  259.00    3.36451
  260.00    3.36783
  261.00    3.37455
  262.00    3.38271
  263.00    3.38498
  264.00    3.39083
  265.00    3.39767
  266.00    3.40080
  267.00    3.40667
  268.00    3.41959
  269.00    3.41653
  270.00    3.42191
  271.00    3.43321
  272.00    3.43219
  273.00    3.43782
  274.00    3.44999
  275.00    3.44810
  276.00    3.45340
  277.00    3.46607
  278.00    3.46354
  279.00    3.46882
  280.00    3.48185
  281.00    3.47864
  282.00    3.48374
  283.00    3.49724
  284.00    3.49301
  285.00    3.49825
  286.00    3.51170
  287.00    3.50729
  288.00    3.51265
  289.00    3.52623
  290.00    3.52165
  291.00    3.52721
  292.00    3.54175
  293.00    3.53624
  294.00    3.54190
  295.00    3.55668
  296.00    3.55117
  297.00    3.55667
  298.00    3.57259
  299.00    3.56613
  300.00    3.57015
  301.00    3.58653
  302.00    3.57914
  303.00    3.58360
  304.00    3.59510
  305.00    3.59219
  306.00    3.59901
  307.00    3.61381
  308.00    3.60601
  309.00    3.61250
  310.00    3.62919
  311.00    3.61930
  312.00    3.62482
  313.00    3.64476
  314.00    3.63126
  315.00    3.63760
  316.00    3.65316
  317.00    3.64340
  318.00    3.65032
  319.00    3.67112
  320.00    3.65599
  321.00    3.66241
  322.00    3.67988
  323.00    3.66817
  324.00    3.67413
  325.00    3.69443
  326.00    3.67989
  327.00    3.68611
  328.00    3.70431
  329.00    3.69154
  330.00    3.69870
  331.00    3.72248
  332.00    3.70425
  333.00    3.71114
  334.00    3.73113
  335.00    3.71600
  336.00    3.72364
  337.00    3.74395
  338.00    3.72835
  339.00    3.73551
  340.00    3.75569
  341.00    3.73986
  342.00    3.74728
  343.00    3.77156
  344.00    3.75125
  345.00    3.75909
  346.00    3.78525
  347.00    3.76249
  348.00    3.77024
  349.00    3.79658
  350.00    3.77394
  351.00    3.78181
  352.00    3.80487
  353.00    3.78505
  354.00    3.79274
  355.00    3.81993
  356.00    3.79530
  357.00    3.80329
  358.00    3.82877
  359.00    3.80575
  360.00    3.81393
  361.00    3.83864
  362.00    3.81589
  363.00    3.82348
  364.00    3.85228
  365.00    3.82590
  366.00    3.83391
  367.00    3.86358
  368.00    3.85779
  369.00    3.86047
  370.00    3.88168
  371.00    3.86433
  372.00    3.87042
  373.00    3.88841
  374.00    3.87444
  375.00    3.88102
  376.00    3.90207
  377.00    3.88456
  378.00    3.89126
  379.00    3.91887
  380.00    3.89364
  381.00    3.90119
  382.00    3.92654
  383.00    3.90246
  384.00    3.91084
  385.00    3.93702
  386.00    3.91333
  387.00    3.92049
  388.00    3.95032
  389.00    3.92146
  390.00    3.92846
  391.00    3.96013
  392.00    3.93089
  393.00    3.93754
  394.00    3.96718
  395.00    3.93915
  396.00    3.94666
  397.00    3.97519
  398.00    3.94804
  399.00    3.95370
  400.00    3.98314
  401.00    3.95536
  402.00    3.96206
  403.00    3.99056
  404.00    3.96325
  405.00    3.96870
  406.00    3.99854
  407.00    3.97039
  408.00    3.97578
  409.00    4.00577
  410.00    3.97689
  411.00    3.98297
  412.00    4.01298
  413.00    3.98412
  414.00    3.98963
  415.00    4.01968
  416.00    3.99138
  417.00    3.99834
  418.00    4.02667
  419.00    3.99977
  420.00    4.00507
  421.00    4.03480
  422.00    4.00773
  423.00    4.01506
  424.00    4.04283
  425.00    4.01651
  426.00    4.02302
  427.00    4.05127
  428.00    4.02440
  429.00    4.02897
  430.00    4.05814
  431.00    4.03184
  432.00    4.03899
  433.00    4.07146
  434.00    4.03956
  435.00    4.04619
  436.00    4.07500
  437.00    4.04563
  438.00    4.05212
  439.00    4.08181
  440.00    4.05085
  441.00    4.05691
  442.00    4.08747
  443.00    4.05644
  444.00    4.06376
  445.00    4.09313
  446.00    4.06250
  447.00    4.06961
  448.00    4.09917
  449.00    4.06901
  450.00    4.07575
  451.00    4.10615
  452.00    4.07487
  453.00    4.08180
  454.00    4.11305
  455.00    4.08166
  456.00    4.08865
  457.00    4.12056
  458.00    4.08757
  459.00    4.09503
  460.00    4.12301
  461.00    4.09391
  462.00    4.10173
  463.00    4.12887
  464.00    4.09980
  465.00    4.10733
  466.00    4.13959
  467.00    4.10540
  468.00    4.11323
  469.00    4.14521
  470.00    4.11122
  471.00    4.11885
  472.00    4.15108
  473.00    4.11694
  474.00    4.12458
  475.00    4.15694
  476.00    4.12287
  477.00    4.13075
  478.00    4.16289
  479.00    4.12839
  480.00    4.13529
  481.00    4.17328
  482.00    4.13445
  483.00    4.14124
  484.00    4.17638
  485.00    4.14069
  486.00    4.14811
  487.00    4.18095
  488.00    4.14660
  489.00    4.15415
  490.00    4.18719
  491.00    4.15193
  492.00    4.15939
  493.00    4.19348
  494.00    4.15790
  495.00    4.16561
  496.00    4.19918
  497.00    4.16315
  498.00    4.17053
  499.00    4.20860
  500.00    4.19357
  501.00    4.20189
  502.00    4.23080
  503.00    4.20175
  504.00    4.20911
  505.00    4.23839
  506.00    4.20889
  507.00    4.21573
  508.00    4.25017
  509.00    4.21463
  510.00    4.22234
  511.00    4.25810
  512.00    4.24534
  513.00    4.25164
  514.00    4.28053
  515.00    4.24964
  516.00    4.25850
  517.00    4.28638
  518.00    4.25486
  519.00    4.26487
  520.00    4.29971
  521.00    4.26234
  522.00    4.27089
  523.00    4.30462
  524.00    4.26895
  525.00    4.27671
  526.00    4.31043
  527.00    4.27335
  528.00    4.28181
  529.00    4.31562
  530.00    4.28108
  531.00    4.28657
  532.00    4.32298
  533.00    4.28507
  534.00    4.29246
  535.00    4.32533
  536.00    4.29002
  537.00    4.29677
  538.00    4.33085
  539.00    4.29419
  540.00    4.30126
  541.00    4.33750
  542.00    4.29920
  543.00    4.30709
  544.00    4.34139
  545.00    4.30412
  546.00    4.31129
  547.00    4.34782
  548.00    4.30932
  549.00    4.31766
  550.00    4.35308
  551.00    4.31409
  552.00    4.32155
  553.00    4.35628
  554.00    4.31860
  555.00    4.32635
  556.00    4.36140
  557.00    4.32355
  558.00    4.33111
  559.00    4.36604
  560.00    4.32757
  561.00    4.33554
  562.00    4.37534
  563.00    4.35773
  564.00    4.36647
  565.00    4.40090
  566.00    4.36508
  567.00    4.37284
  568.00    4.40667
  569.00    4.37178
  570.00    4.37864
  571.00    4.41137
  572.00    4.37628
  573.00    4.38292
  574.00    4.41857
  575.00    4.37994
  576.00    4.38696
  577.00    4.42646
  578.00    4.38313
  579.00    4.39088
  580.00    4.43036
  581.00    4.38739
  582.00    4.39551
  583.00    4.43131
  584.00    4.39100
  585.00    4.39888
  586.00    4.43882
  587.00    4.39476
  588.00    4.40332
  589.00    4.44336
  590.00    4.42417
  591.00    4.43334
  592.00    4.47088
  593.00    4.43139
  594.00    4.43887
  595.00    4.47179
  596.00    4.43530
  597.00    4.44367
  598.00    4.48447
  599.00    4.46671
  600.00    4.47420
  601.00    4.50769
  602.00    4.46870
  603.00    4.47725
  604.00    4.51026
  605.00    4.47290
  606.00    4.48099
  607.00    4.51945
  608.00    4.47831
  609.00    4.48489
  610.00    4.52294
  611.00    4.48072
  612.00    4.48788
  613.00    4.52825
  614.00    4.48317
  615.00    4.49059
  616.00    4.53002
  617.00    4.48641
  618.00    4.49324
  619.00    4.53353
  620.00    4.48886
  621.00    4.49606
  622.00    4.53509
  623.00    4.49090
  624.00    4.49797
  625.00    4.53677
  626.00    4.49194
  627.00    4.49974
  628.00    4.54036
  629.00    4.52126
  630.00    4.53005
  631.00    4.56724
  632.00    4.52569
  633.00    4.53484
  634.00    4.57201
  635.00    4.53109
  636.00    4.53830
  637.00    4.57284
  638.00    4.53328
  639.00    4.54061
  640.00    4.57818
  641.00    4.53512
  642.00    4.54280
  643.00    4.58270
  644.00    4.53737
  645.00    4.54545
  646.00    4.58463
  647.00    4.56456
  648.00    4.57359
  649.00    4.61330
  650.00    4.56679
  651.00    4.57512
  652.00    4.61273
  653.00    4.56952
  654.00    4.57899
  655.00    4.61962
  656.00    4.57434
  657.00    4.58173
  658.00    4.62314
  659.00    4.60398
  660.00    4.61091
  661.00    4.64680
  662.00    4.60313
  663.00    4.61021
  664.00    4.64909
  665.00    4.60586
  666.00    4.61430
  667.00    4.65481
  668.00    4.60900
  669.00    4.61667
  670.00    4.65487
  671.00    4.61100
  672.00    4.61875
  673.00    4.65933
  674.00    4.63720
  675.00    4.64660
  676.00    4.68457
  677.00    4.63727
  678.00    4.64598
  679.00    4.68871
  680.00    4.63990
  681.00    4.64886
  682.00    4.69083
  683.00    4.64307
  684.00    4.65154
  685.00    4.69127
  686.00    4.64517
  687.00    4.65424
  688.00    4.69453
  689.00    4.67470
  690.00    4.68232
  691.00    4.72099
  692.00    4.67431
  693.00    4.68354
  694.00    4.72086
  695.00    4.67857
  696.00    4.68657
  697.00    4.72703
  698.00    4.68124
  699.00    4.68954
  700.00    4.72756
  701.00    4.68276
  702.00    4.69166
  703.00    4.73236
  704.00    4.71377
  705.00    4.72229
  706.00    4.76155
  707.00    4.71687
  708.00    4.72354
  709.00    4.76613
  710.00    4.71881
  711.00    4.72594
  712.00    4.76903
  713.00    4.74899
  714.00    4.75702
  715.00    4.79692
  716.00    4.74617
  717.00    4.75452
  718.00    4.80013
  719.00    4.78505
  720.00    4.79686
  721.00    4.82900
  722.00    4.78273
  723.00    4.79069
  724.00    4.83166
  725.00    4.78201
  726.00    4.79033
  727.00    4.83028
  728.00    4.78357
  729.00    4.79182
  730.00    4.83367
  731.00    4.81674
  732.00    4.82593
  733.00    4.86415
  734.00    4.81691
  735.00    4.82379
  736.00    4.86742
  737.00    4.81783
  738.00    4.82382
  739.00    4.86839
  740.00    4.81712
  741.00    4.82737
  742.00    4.86741
  743.00    4.82207
  744.00    4.82974
  745.00    4.86872
  746.00    4.82452
  747.00    4.83218
  748.00    4.87217
  749.00    4.85488
  750.00    4.86277
  751.00    4.90246
  752.00    4.85476
  753.00    4.86408
  754.00    4.90425
  755.00    4.85761
  756.00    4.86637
  757.00    4.90818
  758.00    4.86122
  759.00    4.86937
  760.00    4.91071
  761.00    4.86303
  762.00    4.87184
  763.00    4.91189
  764.00    4.89409
  765.00    4.90220
  766.00    4.94448
  767.00    4.89345
  768.00    4.90297
  769.00    4.94454
  770.00    4.89763
  771.00    4.90579
  772.00    4.94782
  773.00    4.89883
  774.00    4.90749
  775.00    4.94892
  776.00    4.93021
  777.00    4.93857
  778.00    4.98414
  779.00    4.95812
  780.00    4.98136
  781.00    5.01176
  782.00    4.97370
  783.00    4.98031
  784.00    5.01898
  785.00    4.96944
  786.00    4.97924
  787.00    5.02120
  788.00    4.97094
  789.00    4.97982
  790.00    5.01947
  791.00    4.97410
  792.00    4.98151
  793.00    5.02406
  794.00    4.97527
  795.00    4.98269
  796.00    5.02406
  797.00    4.97433
  798.00    4.98307
  799.00    5.02320
  800.00    4.97441
  801.00    4.98274
  802.00    5.02508
  803.00    5.00408
  804.00    5.01214
  805.00    5.05763
  806.00    5.00337
  807.00    5.01153
  808.00    5.05502
  809.00    5.00377
  810.00    5.01225
  811.00    5.05615
  812.00    5.03994
  813.00    5.04861
  814.00    5.09136
  815.00    5.03514
  816.00    5.04454
  817.00    5.09153
  818.00    5.06243
  819.00    5.08708
  820.00    5.13064
  821.00    5.07476
  822.00    5.07893
  823.00    5.12861
  824.00    5.10107
  825.00    5.12758
  826.00    5.16982
  827.00    5.11602
  828.00    5.12059
  829.00    5.16998
  830.00    5.14369
  831.00    5.17088
  832.00    5.20907
  833.00    5.16070
  834.00    5.16492
  835.00    5.21141
  836.00    5.18497
  837.00    5.21116
  838.00    5.24822
  839.00    5.20183
  840.00    5.20649
  841.00    5.24989
  842.00    5.19520
  843.00    5.19891
  844.00    5.24433
  845.00    5.22198
  846.00    5.24807
  847.00    5.28497
  848.00    5.23845
  849.00    5.24249
  850.00    5.28626
  851.00    5.23016
  852.00    5.23403
  853.00    5.27440
  854.00    5.22308
  855.00    5.23062
  856.00    5.26975
  857.00    5.22141
  858.00    5.22836
  859.00    5.26868
  860.00    5.24147
  861.00    5.26558
  862.00    5.30556
  863.00    5.25021
  864.00    5.25753
  865.00    5.30107
  866.00    5.24671
  867.00    5.25350
  868.00    5.29403
  869.00    5.26818
  870.00    5.29138
  871.00    5.32909
  872.00    5.27685
  873.00    5.28332
  874.00    5.32627
  875.00    5.27232
  876.00    5.27963
  877.00    5.32138
  878.00    5.29458
  879.00    5.31848
  880.00    5.35717
  881.00    5.30407
  882.00    5.31082
  883.00    5.35250
  884.00    5.29996
  885.00    5.30681
  886.00    5.34845
  887.00    5.29787
  888.00    5.30389
  889.00    5.34613
  890.00    5.31765
  891.00    5.34010
  892.00    5.38270
  893.00    5.35023
  894.00    5.37525
  895.00    5.41549
  896.00    5.35166
  897.00    5.37514
  898.00    5.41311
  899.00    5.34838
  900.00    5.36955
  901.00    5.41503
  902.00    5.38530
  903.00    5.40990
  904.00    5.45025
  905.00    5.39720
  906.00    5.40387
  907.00    5.44831
  908.00    5.41870
  909.00    5.44429
  910.00    5.48254
  911.00    5.43180
  912.00    5.43855
  913.00    5.48128
  914.00    5.45245
  915.00    5.47629
  916.00    5.51606
  917.00    5.46616
  918.00    5.47196
  919.00    5.50940
  920.00    5.44638
  921.00    5.46970
  922.00    5.50759
  923.00    5.44240
  924.00    5.46505
  925.00    5.51086
  926.00    5.48013
  927.00    5.50335
  928.00    5.54901
  929.00    5.48839
  930.00    5.49528
  931.00    5.53951
  932.00    5.50829
  933.00    5.53327
  934.00    5.57632
  935.00    5.52028
  936.00    5.52703
  937.00    5.56585
  938.00    5.51283
  939.00    5.51987
  940.00    5.56086
  941.00    5.53169
  942.00    5.55651
  943.00    5.59671
  944.00    5.54217
  945.00    5.54908
  946.00    5.59152
  947.00    5.56188
  948.00    5.58653
  949.00    5.62275
  950.00    5.57366
  951.00    5.57981
  952.00    5.62138
  953.00    5.58771
  954.00    5.61312
  955.00    5.65704
  956.00    5.62159
  957.00    5.65431
  958.00    5.68181
  959.00    5.64247
  960.00    5.64921
  961.00    5.68165
  962.00    5.63815
  963.00    5.64374
  964.00    5.68267
  965.00    5.64917
  966.00    5.67649
  967.00    5.70754
  968.00    5.66403
  969.00    5.66992
  970.00    5.70641
  971.00    5.67449
  972.00    5.70470
  973.00    5.72740
  974.00    5.69018
  975.00    5.69852
  976.00    5.73018
  977.00    5.69655
  978.00    5.73159
  979.00    5.75255
  980.00    5.71735
  981.00    5.72683
  982.00    5.75417
  983.00    5.72522
  984.00    5.75667
  985.00    5.78165
  986.00    5.74767
  987.00    5.77853
  988.00    5.80979
  989.00    5.77657
  990.00    5.81375
  991.00    5.83844
  992.00    5.81054
  993.00    5.84882
  994.00    5.86154
  995.00    5.82216
  996.00    5.84648
  997.00    5.87226
  998.00    5.82197
  999.00    5.85201
 1000.00    5.88117
 1001.00    5.84752
 1002.00    5.88444
 1003.00    5.90816
 1004.00    5.85936
 1005.00    5.88760
 1006.00    5.91926
 1007.00    5.87778
 1008.00    5.91245
 1009.00    5.94954
 1010.00    5.90779
 1011.00    5.94942
 1012.00    5.97327
 1013.00    5.94154
 1014.00    5.98287
 1015.00    5.99627
 1016.00    5.97474
 1017.00    6.01168
 1018.00    6.01479
 1019.00    5.98031
 1020.00    6.01622
 1021.00    6.03086
 1022.00    6.00004
 1023.00    6.03997
 1024.00    6.04673
 1025.00    6.03214
 1026.00    6.06132
 1027.00    6.05835
 1028.00    6.03390
 1029.00    6.06801
 1030.00    6.08066
 1031.00    6.05935
 1032.00    6.09350
 1033.00    6.09719
 1034.00    6.08374
 1035.00    6.11378
 1036.00    6.11221
 1037.00    6.09144
 1038.00    6.12273
 1039.00    6.12851
 1040.00    6.09519
 1041.00    6.13219
 1042.00    6.14037
 1043.00    6.11913
 1044.00    6.14734
 1045.00    6.15356
 1046.00    6.11278
 1047.00    6.15216
 1048.00    6.16287
 1049.00    6.13516
 1050.00    6.17675
 1051.00    6.18012
 1052.00    6.14162
 1053.00    6.18012
 1054.00    6.19008
 1055.00    6.15852
 1056.00    6.20238
 1057.00    6.20600
 1058.00    6.16958
 1059.00    6.21129
 1060.00    6.21438
 1061.00    6.18314
 1062.00    6.21472
 1063.00    6.21934
 1064.00    6.18781
 1065.00    6.23232
 1066.00    6.23364
 1067.00    6.20654
 1068.00    6.23151
 1069.00    6.25181
 1070.00    6.22136
 1071.00    6.26279
 1072.00    6.26885
 1073.00    6.23859
 1074.00    6.28375
 1075.00    6.28663
 1076.00    6.25046
 1077.00    6.29383
 1078.00    6.30158
 1079.00    6.27332
 1080.00    6.31649
 1081.00    6.31740
 1082.00    6.28346
 1083.00    6.32351
 1084.00    6.32775
 1085.00    6.29219
 1086.00    6.32333
 1087.00    6.34026
 1088.00    6.31005
 1089.00    6.35546
 1090.00    6.35771
 1091.00    6.32893
 1092.00    6.35611
 1093.00    6.37191
 1094.00    6.34829
 1095.00    6.38455
 1096.00    6.38474
 1097.00    6.35073
 1098.00    6.38065
 1099.00    6.39268
 1100.00    6.36346
 1101.00    6.40116
 1102.00    6.40894
 1103.00    6.38759
 1104.00    6.42760
 1105.00    6.42352
 1106.00    6.40060
 1107.00    6.43635
 1108.00    6.44431
 1109.00    6.42127
 1110.00    6.45936
 1111.00    6.45586
 1112.00    6.42887
 1113.00    6.45939
 1114.00    6.47589
 1115.00    6.45648
 1116.00    6.49047
 1117.00    6.48679
 1118.00    6.46254
 1119.00    6.48748
 1120.00    6.50150
 1121.00    6.47816
 1122.00    6.51538
 1123.00    6.51347
 1124.00    6.48819
 1125.00    6.51252
 1126.00    6.52470
 1127.00    6.50130
 1128.00    6.53886
 1129.00    6.53765
 1130.00    6.50983
 1131.00    6.53533
 1132.00    6.54717
 1133.00    6.52476
 1134.00    6.55915
 1135.00    6.56110
 1136.00    6.53359
 1137.00    6.55719
 1138.00    6.56831
 1139.00    6.52554
 1140.00    6.56072
 1141.00    6.56635
 1142.00    6.53584
 1143.00    6.56136
 1144.00    6.56729
 1145.00    6.53792
 1146.00    6.55847
 1147.00    6.56541
 1148.00    6.53214
 1149.00    6.55350
 1150.00    6.56511
 1151.00    6.52558
 1152.00    6.55086
 1153.00    6.57098
 1154.00    6.52173
 1155.00    6.54539
 1156.00    6.57483
 1157.00    6.51303
 1158.00    6.53391
 1159.00    6.57188
 1160.00    6.50347
 1161.00    6.52312
 1162.00    6.56579
 1163.00    6.52170
 1164.00    6.54453
 1165.00    6.58266
 1166.00    6.50710
 1167.00    6.53070
 1168.00    6.57083
 1169.00    6.50044
 1170.00    6.51844
 1171.00    6.56544
 1172.00    6.51995
 1173.00    6.54246
 1174.00    6.58567
 1175.00    6.54586
 1176.00    6.57019
 1177.00    6.59478
 1178.00    6.54080
 1179.00    6.55982
 1180.00    6.59410
 1181.00    6.52950
 1182.00    6.55374
 1183.00    6.58390
 1184.00    6.52480
 1185.00    6.54685
 1186.00    6.58622
 1187.00    6.52046
 1188.00    6.53878
 1189.00    6.58481
 1190.00    6.54346
 1191.00    6.56454
 1192.00    6.61968
 1193.00    6.56944
 1194.00    6.60318
 1195.00    6.62560
 1196.00    6.56535
 1197.00    6.58744
 1198.00    6.62681
 1199.00    6.55566
 1200.00    6.57596
 1201.00    6.62228
 1202.00    6.57986
 1203.00    6.60081
 1204.00    6.64152
 1205.00    6.56790
 1206.00    6.58813
 1207.00    6.63070
 1208.00    6.55910
 1209.00    6.57807
 1210.00    6.62467
 1211.00    6.58243
 1212.00    6.60573
 1213.00    6.64657
 1214.00    6.57347
 1215.00    6.59242
 1216.00    6.64024
 1217.00    6.56237
 1218.00    6.58029
 1219.00    6.63145
 1220.00    6.59087
 1221.00    6.60789
 1222.00    6.65873
 1223.00    6.61926
 1224.00    6.63895
 1225.00    6.67159
 1226.00    6.61179
 1227.00    6.63117
 1228.00    6.66704
 1229.00    6.60262
 1230.00    6.62349
 1231.00    6.66320
 1232.00    6.59515
 1233.00    6.61438
 1234.00    6.65733
 1235.00    6.61995
 1236.00    6.63900
 1237.00    6.68229
 1238.00    6.61103
 1239.00    6.63137
 1240.00    6.67096
 1241.00    6.60400
 1242.00    6.62199
 1243.00    6.66435
 1244.00    6.62496
 1245.00    6.64848
 1246.00    6.69704
 1247.00    6.65390
 1248.00    6.68179
 1249.00    6.70951
 1250.00    6.65409
 1251.00    6.67803
 1252.00    6.71360
 1253.00    6.65080
 1254.00    6.67027
 1255.00    6.70945
 1256.00    6.64123
 1257.00    6.66251
 1258.00    6.70068
 1259.00    6.63387
 1260.00    6.65111
 1261.00    6.70051
 1262.00    6.65835
 1263.00    6.68167
 1264.00    6.72977
 1265.00    6.64916
 1266.00    6.66518
 1267.00    6.71577
 1268.00    6.67149
 1269.00    6.69774
 1270.00    6.74536
 1271.00    6.70868
 1272.00    6.73061
 1273.00    6.75625
 1274.00    6.70049
 1275.00    6.72371
 1276.00    6.76335
 1277.00    6.69644
 1278.00    6.71600
 1279.00    6.75571
 1280.00    6.68664
 1281.00    6.70595
 1282.00    6.74747
 1283.00    6.70926
 1284.00    6.73262
 1285.00    6.77678
 1286.00    6.70502
 1287.00    6.72325
 1288.00    6.76589
 1289.00    6.69472
 1290.00    6.71411
 1291.00    6.75573
 1292.00    6.71690
 1293.00    6.74288
 1294.00    6.78715
 1295.00    6.71416
 1296.00    6.73264
 1297.00    6.78251
 1298.00    6.74570
 1299.00    6.76797
 1300.00    6.81145
 1301.00    6.74119
 1302.00    6.75792
 1303.00    6.80549
 1304.00    6.76983
 1305.00    6.78790
 1306.00    6.83268
 1307.00    6.80113
 1308.00    6.82707
 1309.00    6.84948
 1310.00    6.79807
 1311.00    6.81928
 1312.00    6.85783
 1313.00    6.79245
 1314.00    6.81062
 1315.00    6.85312
 1316.00    6.78386
 1317.00    6.80187
 1318.00    6.84645
 1319.00    6.81016
 1320.00    6.83087
 1321.00    6.87259
 1322.00    6.80275
 1323.00    6.82201
 1324.00    6.86452
 1325.00    6.79436
 1326.00    6.81332
 1327.00    6.85243
 1328.00    6.78393
 1329.00    6.80365
 1330.00    6.85001
 1331.00    6.80886
 1332.00    6.83100
 1333.00    6.88311
 1334.00    6.84529
 1335.00    6.87031
 1336.00    6.89673
 1337.00    6.84396
 1338.00    6.86413
 1339.00    6.90572
 1340.00    6.83634
 1341.00    6.85395
 1342.00    6.89653
 1343.00    6.82505
 1344.00    6.84486
 1345.00    6.88814
 1346.00    6.84922
 1347.00    6.86786
 1348.00    6.91931
 1349.00    6.88451
 1350.00    6.90878
 1351.00    6.93926
 1352.00    6.88170
 1353.00    6.90189
 1354.00    6.94372
 1355.00    6.87504
 1356.00    6.89341
 1357.00    6.93339
 1358.00    6.86400
 1359.00    6.88376
 1360.00    6.92719
 1361.00    6.88738
 1362.00    6.90992
 1363.00    6.95480
 1364.00    6.88098
 1365.00    6.90099
 1366.00    6.94395
 1367.00    6.87201
 1368.00    6.89141
 1369.00    6.93828
 1370.00    6.89817
 1371.00    6.91773
 1372.00    6.96652
 1373.00    6.88861
 1374.00    6.90825
 1375.00    6.95298
 1376.00    6.87987
 1377.00    6.89773
 1378.00    6.94403
 1379.00    6.90452
 1380.00    6.92352
 1381.00    6.97608
 1382.00    6.93722
 1383.00    6.96560
 1384.00    6.99594
 1385.00    6.93781
 1386.00    6.95787
 1387.00    6.99680
 1388.00    6.92909
 1389.00    6.94706
 1390.00    6.99104
 1391.00    6.91726
 1392.00    6.93770
 1393.00    6.98573
 1394.00    6.94406
 1395.00    6.96492
 1396.00    7.01146
 1397.00    6.93732
 1398.00    6.95586
 1399.00    7.00185
 1400.00    6.92740
 1401.00    6.94643
 1402.00    6.99131
 1403.00    6.91669
 1404.00    6.93550
 1405.00    6.98718
 1406.00    6.94159
 1407.00    6.96321
 1408.00    7.01929
 1409.00    6.97967
 1410.00    7.00971
 1411.00    7.03937
 1412.00    6.97128
 1413.00    6.98951
 1414.00    7.04527
 1415.00    7.01090
 1416.00    7.03276
 1417.00    7.06390
 1418.00    6.99720
 1419.00    7.01394
 1420.00    7.06302
 1421.00    7.02412
 1422.00    7.04779
 1423.00    7.08315
 1424.00    7.01339
 1425.00    7.03377
 1426.00    7.08185
 1427.00    7.00347
 1428.00    7.01961
 1429.00    7.06599
 1430.00    6.98894
 1431.00    7.00939
 1432.00    7.05730
 1433.00    7.01696
 1434.00    7.03641
 1435.00    7.08482
 1436.00    7.00710
 1437.00    7.02629
 1438.00    7.07202
 1439.00    6.99673
 1440.00    7.01525
 1441.00    7.06347
 1442.00    7.02287
 1443.00    7.04348
 1444.00    7.09333
 1445.00    7.01377
 1446.00    7.03335
 1447.00    7.07981
 1448.00    7.00392
 1449.00    7.02256
 1450.00    7.06968
 1451.00    7.02856
 1452.00    7.04960
 1453.00    7.10138
 1454.00    7.06568
 1455.00    7.08668
 1456.00    7.11869
 1457.00    7.05691
 1458.00    7.07588
 1459.00    7.11606
 1460.00    7.04718
 1461.00    7.06615
 1462.00    7.10915
 1463.00    7.03644
 1464.00    7.05662
 1465.00    7.10196
 1466.00    7.02765
 1467.00    7.04533
 1468.00    7.09499
 1469.00    7.05385
 1470.00    7.07418
 1471.00    7.12501
 1472.00    7.04067
 1473.00    7.05973
 1474.00    7.11178
 1475.00    7.06920
 1476.00    7.08715
 1477.00    7.14255
 1478.00    7.10095
 1479.00    7.12517
 1480.00    7.16207
 1481.00    7.09654
 1482.00    7.11495
 1483.00    7.15982
 1484.00    7.08558
 1485.00    7.10243
 1486.00    7.14820
 1487.00    7.07076
 1488.00    7.09199
 1489.00    7.13666
 1490.00    7.06330
 1491.00    7.08114
 1492.00    7.13156
 1493.00    7.09078
 1494.00    7.10921
 1495.00    7.16532
 1496.00    7.12712
 1497.00    7.15428
