    1.00    0.00000
    2.00    0.18879
    3.00    0.16522
    4.00    0.17538
    5.00    0.29852
    6.00    0.29912
    7.00    0.08465
    8.00    0.44478
    9.00    0.45414
   10.00    0.18277
   11.00    0.59019
   12.00    0.60437
   13.00    0.31939
   14.00    0.74644
   15.00    0.75815
   16.00    0.45794
   17.00    0.88386
   18.00    0.89183
   19.00    0.60138
   20.00    1.00034
   21.00    0.99373
   22.00    0.70856
   23.00    1.10830
   24.00    1.10385
   25.00    0.82104
   26.00    1.19214
   27.00    1.18969
   28.00    0.93443
   29.00    1.25710
   30.00    1.25181
   31.00    1.02976
   32.00    1.30978
   33.00    1.30733
   34.00    1.10481
   35.00    1.35114
   36.00    1.35140
   37.00    1.16399
   38.00    1.38420
   39.00    1.38346
   40.00    1.21237
   41.00    1.41398
   42.00    1.41204
   43.00    1.25348
   44.00    1.44628
   45.00    1.44406
   46.00    1.28804
   47.00    1.47455
   48.00    1.47360
   49.00    1.32663
   50.00    1.50376
   51.00    1.50207
   52.00    1.36783
   53.00    1.53793
   54.00    1.53000
   55.00    1.39491
   56.00    1.56682
   57.00    1.55650
   58.00    1.42946
   59.00    1.59355
   60.00    1.58343
   61.00    1.46156
   62.00    1.61723
   63.00    1.60678
   64.00    1.49309
   65.00    1.63874
   66.00    1.62526
   67.00    1.52421
   68.00    1.65670
   69.00    1.64338
   70.00    1.54677
   71.00    1.67313
   72.00    1.65922
   73.00    1.55914
   74.00    1.68779
   75.00    1.67905
   76.00    1.57539
   77.00    1.71072
   78.00    1.70240
   79.00    1.59655
   80.00    1.73564
   81.00    1.73068
   82.00    1.62232
   83.00    1.76182
   84.00    1.75453
   85.00    1.65011
   86.00    1.78771
   87.00    1.77979
   88.00    1.67541
   89.00    1.81338
   90.00    1.80550
   91.00    1.70009
   92.00    1.83886
   93.00    1.83068
   94.00    1.72721
   95.00    1.86221
   96.00    1.85529
   97.00    1.75292
   98.00    1.88720
   99.00    1.88065
  100.00    1.77876
  101.00    1.91202
  102.00    1.90542
  103.00    1.80275
  104.00    1.93639
  105.00    1.92982
  106.00    1.82977
  107.00    1.96077
  108.00    1.95347
  109.00    1.85428
  110.00    1.98460
  111.00    1.97735
  112.00    1.87921
  113.00    2.00807
  114.00    2.00102
  115.00    1.90249
  116.00    2.03206
  117.00    2.02431
  118.00    1.92791
  119.00    2.05524
  120.00    2.04957
  121.00    1.95318
  122.00    2.07812
  123.00    2.07172
  124.00    1.97931
  125.00    2.10149
  126.00    2.09457
  127.00    2.00229
  128.00    2.12612
  129.00    2.11917
  130.00    2.02570
  131.00    2.14756
  132.00    2.14101
  133.00    2.04788
  134.00    2.17208
  135.00    2.16489
  136.00    2.07222
  137.00    2.19527
  138.00    2.18602
  139.00    2.09644
  140.00    2.21748
  141.00    2.20847
  142.00    2.11646
  143.00    2.24172
  144.00    2.23078
  145.00    2.13823
  146.00    2.26461
  147.00    2.25298
  148.00    2.16198
  149.00    2.28413
  150.00    2.27709
  151.00    2.18346
  152.00    2.30651
  153.00    2.29777
  154.00    2.21051
  155.00    2.33204
  156.00    2.32116
  157.00    2.23098
  158.00    2.35053
  159.00    2.34185
  160.00    2.25473
  161.00    2.37393
  162.00    2.36527
  163.00    2.27556
  164.00    2.39599
  165.00    2.38774
  166.00    2.30081
  167.00    2.41623
  168.00    2.40767
  169.00    2.32072
  170.00    2.43829
  171.00    2.42901
  172.00    2.34288
  173.00    2.46000
  174.00    2.45065
  175.00    2.36370
  176.00    2.48169
  177.00    2.47409
  178.00    2.38645
  179.00    2.50337
  180.00    2.49384
  181.00    2.40994
  182.00    2.52469
  183.00    2.51515
  184.00    2.43020
  185.00    2.54783
  186.00    2.53974
  187.00    2.45276
  188.00    2.57498
  189.00    2.56544
  190.00    2.47866
  191.00    2.60024
  192.00    2.58789
  193.00    2.50676
  194.00    2.62236
  195.00    2.61313
  196.00    2.52927
  197.00    2.65552
  198.00    2.64464
  199.00    2.56384
  200.00    2.68848
  201.00    2.67458
  202.00    2.59790
  203.00    2.70537
  204.00    2.69367
  205.00    2.61824
  206.00    2.73559
  207.00    2.72492
  208.00    2.65009
  209.00    2.76640
  210.00    2.75501
  211.00    2.68126
  212.00    2.79404
  213.00    2.78454
  214.00    2.71202
  215.00    2.82243
  216.00    2.81390
  217.00    2.74004
  218.00    2.85221
  219.00    2.84115
  220.00    2.76939
  221.00    2.86627
  222.00    2.87338
  223.00    2.80629
  224.00    2.88157
  225.00    2.88705
  226.00    2.82165
  227.00    2.91133
  228.00    2.90335
  229.00    2.82589
  230.00    2.94037
  231.00    2.93007
  232.00    2.85915
  233.00    2.96542
  234.00    2.95500
  235.00    2.88890
  236.00    2.99096
  237.00    2.98060
  238.00    2.91563
  239.00    3.01684
  240.00    3.00483
  241.00    2.93929
  242.00    3.04239
  243.00    3.03134
  244.00    2.96637
  245.00    3.06600
  246.00    3.05563
  247.00    2.99140
  248.00    3.08802
  249.00    3.07845
  250.00    3.01378
  251.00    3.10992
  252.00    3.09905
  253.00    3.04028
  254.00    3.12208
  255.00    3.11108
  256.00    3.04901
  257.00    3.13230
  258.00    3.12424
  259.00    3.06049
  260.00    3.15540
  261.00    3.14634
  262.00    3.08496
  263.00    3.17558
  264.00    3.16993
  265.00    3.10841
  266.00    3.19929
  267.00    3.18891
  268.00    3.12541
  269.00    3.20832
  270.00    3.20103
  271.00    3.14095
  272.00    3.22959
  273.00    3.21792
  274.00    3.16057
  275.00    3.24021
  276.00    3.23394
  277.00    3.16915
  278.00    3.26129
  279.00    3.25065
  280.00    3.19385
  281.00    3.27177
  282.00    3.26214
  283.00    3.20272
  284.00    3.28552
  285.00    3.27628
  286.00    3.21388
  287.00    3.29964
  288.00    3.28981
  289.00    3.23051
  290.00    3.31031
  291.00    3.30072
  292.00    3.24631
  293.00    3.32241
  294.00    3.31287
  295.00    3.25737
  296.00    3.34005
  297.00    3.33282
  298.00    3.27981
  299.00    3.35777
  300.00    3.34745
  301.00    3.29693
  302.00    3.36770
  303.00    3.35552
  304.00    3.30599
  305.00    3.37210
  306.00    3.36673
  307.00    3.31007
  308.00    3.39012
  309.00    3.38146
  310.00    3.33063
  311.00    3.39450
  312.00    3.38890
  313.00    3.33968
  314.00    3.40475
  315.00    3.39684
  316.00    3.34752
  317.00    3.41492
  318.00    3.40537
  319.00    3.35651
  320.00    3.42357
  321.00    3.41360
  322.00    3.36829
  323.00    3.43539
  324.00    3.42168
  325.00    3.37626
  326.00    3.44084
  327.00    3.42954
  328.00    3.38594
  329.00    3.44495
  330.00    3.43705
  331.00    3.39127
  332.00    3.45237
  333.00    3.44549
  334.00    3.40000
  335.00    3.46979
  336.00    3.45756
  337.00    3.41520
  338.00    3.47566
  339.00    3.46352
  340.00    3.41764
  341.00    3.47836
  342.00    3.47147
  343.00    3.42357
  344.00    3.49535
  345.00    3.48333
  346.00    3.44188
  347.00    3.49883
  348.00    3.49037
  349.00    3.44808
  350.00    3.51309
  351.00    3.50428
  352.00    3.46187
  353.00    3.51093
  354.00    3.51845
  355.00    3.48448
  356.00    3.53223
  357.00    3.52211
  358.00    3.48780
  359.00    3.53738
  360.00    3.52574
  361.00    3.48975
  362.00    3.54030
  363.00    3.53167
  364.00    3.48912
  365.00    3.54482
  366.00    3.53740
  367.00    3.49902
  368.00    3.54175
  369.00    3.54947
  370.00    3.51951
  371.00    3.54300
  372.00    3.54977
  373.00    3.51657
  374.00    3.55821
  375.00    3.54867
  376.00    3.51038
  377.00    3.56292
  378.00    3.55691
  379.00    3.51825
  380.00    3.56177
  381.00    3.56857
  382.00    3.53994
  383.00    3.56212
  384.00    3.56950
  385.00    3.53813
  386.00    3.56534
  387.00    3.56982
  388.00    3.54045
  389.00    3.57041
  390.00    3.57910
  391.00    3.54519
  392.00    3.57195
  393.00    3.58033
  394.00    3.54905
  395.00    3.57518
  396.00    3.58028
  397.00    3.55096
  398.00    3.57868
  399.00    3.58325
  400.00    3.55101
  401.00    3.58095
  402.00    3.58466
  403.00    3.55519
  404.00    3.58311
  405.00    3.58641
  406.00    3.55761
  407.00    3.58679
  408.00    3.59478
  409.00    3.56019
  410.00    3.58846
  411.00    3.59350
  412.00    3.56403
  413.00    3.59300
  414.00    3.60126
  415.00    3.56964
  416.00    3.59484
  417.00    3.59965
  418.00    3.57116
  419.00    3.59585
  420.00    3.60348
  421.00    3.57440
  422.00    3.59774
  423.00    3.60018
  424.00    3.57301
  425.00    3.60096
  426.00    3.60743
  427.00    3.57524
  428.00    3.60252
  429.00    3.60806
  430.00    3.58048
  431.00    3.61931
  432.00    3.61359
  433.00    3.57980
  434.00    3.61701
  435.00    3.62284
  436.00    3.59520
  437.00    3.61631
  438.00    3.62175
  439.00    3.59824
  440.00    3.63490
  441.00    3.62176
  442.00    3.59912
  443.00    3.63552
  444.00    3.62158
  445.00    3.59830
  446.00    3.63359
  447.00    3.62340
  448.00    3.59881
  449.00    3.64198
  450.00    3.63180
  451.00    3.60963
  452.00    3.63850
  453.00    3.64033
  454.00    3.62609
  455.00    3.65168
  456.00    3.64192
  457.00    3.62088
  458.00    3.66066
  459.00    3.65080
  460.00    3.62966
  461.00    3.65183
  462.00    3.66120
  463.00    3.64904
  464.00    3.66389
  465.00    3.65361
  466.00    3.62950
  467.00    3.65878
  468.00    3.66489
  469.00    3.65265
  470.00    3.67052
  471.00    3.66144
  472.00    3.63941
  473.00    3.66525
  474.00    3.67279
  475.00    3.65706
  476.00    3.67629
  477.00    3.66736
  478.00    3.64535
  479.00    3.67043
  480.00    3.67551
  481.00    3.66036
  482.00    3.68526
  483.00    3.67565
  484.00    3.65583
  485.00    3.67702
  486.00    3.68286
  487.00    3.67321
  488.00    3.67235
  489.00    3.67950
  490.00    3.66403
  491.00    3.68368
  492.00    3.67384
  493.00    3.65238
  494.00    3.70233
  495.00    3.71476
  496.00    3.62572
  497.00    3.71227
  498.00    3.70394
  499.00    3.66671
  500.00    3.73102
  501.00    3.71561
  502.00    3.68370
  503.00    3.72662
  504.00    3.71605
  505.00    3.69160
  506.00    3.73924
  507.00    3.72625
  508.00    3.70550
  509.00    3.74322
  510.00    3.76137
  511.00    3.74930
  512.00    3.75724
  513.00    3.73669
  514.00    3.69988
  515.00    3.75439
  516.00    3.77614
  517.00    3.75975
  518.00    3.77287
  519.00    3.76205
  520.00    3.71263
  521.00    3.77991
  522.00    3.77679
  523.00    3.73190
  524.00    3.78502
  525.00    3.80866
  526.00    3.78390
  527.00    3.80923
  528.00    3.79661
  529.00    3.73889
  530.00    3.81008
  531.00    3.83705
  532.00    3.80272
  533.00    3.84661
  534.00    3.86226
  535.00    3.84098
  536.00    3.86660
  537.00    3.85372
  538.00    3.79876
  539.00    3.87860
  540.00    3.89449
  541.00    3.86317
  542.00    3.89559
  543.00    3.87472
  544.00    3.81299
  545.00    3.90951
  546.00    3.91483
  547.00    3.88822
  548.00    3.91523
  549.00    3.90087
  550.00    3.83497
  551.00    3.92963
  552.00    3.94429
  553.00    3.90515
  554.00    3.96180
  555.00    3.97647
  556.00    3.94215
  557.00    3.98091
  558.00    3.95342
  559.00    3.89297
  560.00    3.98990
  561.00    4.00145
  562.00    3.96844
  563.00    4.02032
  564.00    4.03511
  565.00    3.99815
  566.00    4.03677
  567.00    4.01005
  568.00    3.94931
  569.00    4.04985
  570.00    4.06419
  571.00    4.02735
  572.00    4.07618
  573.00    4.09150
  574.00    4.05735
  575.00    4.09057
  576.00    4.06883
  577.00    4.01200
  578.00    4.10515
  579.00    4.12107
  580.00    4.07329
  581.00    4.13177
  582.00    4.14548
  583.00    4.11313
  584.00    4.14540
  585.00    4.12982
  586.00    4.06794
  587.00    4.15982
  588.00    4.16984
  589.00    4.13219
  590.00    4.18603
  591.00    4.19935
  592.00    4.16094
  593.00    4.19217
  594.00    4.17691
  595.00    4.11888
  596.00    4.20955
  597.00    4.22345
  598.00    4.18149
  599.00    4.23819
  600.00    4.25091
  601.00    4.21397
  602.00    4.23754
  603.00    4.24452
  604.00    4.20234
  605.00    4.26795
  606.00    4.27734
  607.00    4.23720
  608.00    4.29227
  609.00    4.30472
  610.00    4.27196
  611.00    4.29165
  612.00    4.30371
  613.00    4.26121
  614.00    4.32595
  615.00    4.33893
  616.00    4.30047
  617.00    4.35220
  618.00    4.36692
  619.00    4.33738
  620.00    4.38378
  621.00    4.39562
  622.00    4.36565
  623.00    4.40865
  624.00    4.42216
  625.00    4.39500
  626.00    4.43516
  627.00    4.44849
  628.00    4.42328
  629.00    4.46046
  630.00    4.47201
  631.00    4.45027
  632.00    4.48039
  633.00    4.49245
  634.00    4.47865
  635.00    4.49073
  636.00    4.50293
  637.00    4.47377
  638.00    4.52078
  639.00    4.53182
  640.00    4.50837
  641.00    4.54961
  642.00    4.56133
  643.00    4.54224
  644.00    4.57377
  645.00    4.58725
  646.00    4.57484
  647.00    4.59008
  648.00    4.60104
  649.00    4.57154
  650.00    4.62101
  651.00    4.63253
  652.00    4.60813
  653.00    4.64891
  654.00    4.66231
  655.00    4.63695
  656.00    4.67554
  657.00    4.68692
  658.00    4.67327
  659.00    4.69908
  660.00    4.71059
  661.00    4.70058
  662.00    4.67674
  663.00    4.71715
  664.00    4.71570
  665.00    4.73619
  666.00    4.74168
  667.00    4.72801
  668.00    4.75780
  669.00    4.76797
  670.00    4.75548
  671.00    4.73723
  672.00    4.78100
  673.00    4.77389
  674.00    4.77194
  675.00    4.81038
  676.00    4.80093
  677.00    4.79985
  678.00    4.83802
  679.00    4.83638
  680.00    4.81885
  681.00    4.86322
  682.00    4.85525
  683.00    4.85287
  684.00    4.89524
  685.00    4.88420
  686.00    4.86371
  687.00    4.90831
  688.00    4.90202
  689.00    4.89909
  690.00    4.94367
  691.00    4.93251
  692.00    4.93294
  693.00    4.97224
  694.00    4.96886
  695.00    4.94961
  696.00    4.99620
  697.00    4.98784
  698.00    4.98507
  699.00    5.02751
  700.00    5.01764
  701.00    5.00151
  702.00    5.04379
  703.00    5.03495
  704.00    5.03367
  705.00    5.07823
  706.00    5.06462
  707.00    5.04632
  708.00    5.09319
  709.00    5.08129
  710.00    5.08247
  711.00    5.12819
  712.00    5.11382
  713.00    5.09994
  714.00    5.14303
  715.00    5.12792
  716.00    5.13233
  717.00    5.17700
  718.00    5.16394
  719.00    5.14688
  720.00    5.19026
  721.00    5.17879
  722.00    5.18129
  723.00    5.22531
  724.00    5.21091
  725.00    5.19692
  726.00    5.24107
  727.00    5.22940
  728.00    5.22937
  729.00    5.27489
  730.00    5.25858
  731.00    5.26163
  732.00    5.30490
  733.00    5.29316
  734.00    5.27800
  735.00    5.31499
  736.00    5.31242
  737.00    5.30568
  738.00    5.35055
  739.00    5.33639
  740.00    5.31761
  741.00    5.36400
  742.00    5.35371
  743.00    5.35213
  744.00    5.39581
  745.00    5.38447
  746.00    5.36629
  747.00    5.41230
  748.00    5.40118
  749.00    5.40291
  750.00    5.44610
  751.00    5.43463
  752.00    5.41882
  753.00    5.46273
  754.00    5.44959
  755.00    5.45316
  756.00    5.49535
  757.00    5.48392
  758.00    5.46811
  759.00    5.50473
  760.00    5.49588
  761.00    5.49540
  762.00    5.53826
  763.00    5.52532
  764.00    5.50775
  765.00    5.54771
  766.00    5.53772
  767.00    5.53798
  768.00    5.58112
  769.00    5.56589
  770.00    5.56751
  771.00    5.60980
  772.00    5.60178
  773.00    5.58228
  774.00    5.62474
  775.00    5.61501
  776.00    5.61401
  777.00    5.65713
  778.00    5.64016
  779.00    5.64045
  780.00    5.68339
  781.00    5.66905
  782.00    5.64599
  783.00    5.68567
  784.00    5.67858
  785.00    5.67310
  786.00    5.71446
  787.00    5.70584
  788.00    5.68584
  789.00    5.72639
  790.00    5.71197
  791.00    5.71304
  792.00    5.75723
  793.00    5.74208
  794.00    5.73935
  795.00    5.78412
  796.00    5.77551
  797.00    5.75058
  798.00    5.79056
  799.00    5.78446
  800.00    5.77571
  801.00    5.81875
  802.00    5.80401
  803.00    5.80008
  804.00    5.84181
  805.00    5.83447
  806.00    5.82085
  807.00    5.86373
  808.00    5.85583
  809.00    5.82991
  810.00    5.87150
  811.00    5.86751
  812.00    5.85153
  813.00    5.89858
  814.00    5.88671
  815.00    5.87265
  816.00    5.91664
  817.00    5.91816
  818.00    5.89040
  819.00    5.93246
  820.00    5.93153
  821.00    5.90996
  822.00    5.95359
  823.00    5.94997
  824.00    5.92989
  825.00    5.97460
  826.00    5.97007
  827.00    5.93934
  828.00    5.98031
  829.00    5.98157
  830.00    5.95850
  831.00    6.00418
  832.00    6.00075
  833.00    5.98224
  834.00    6.02384
  835.00    6.02311
  836.00    5.99575
  837.00    6.03923
  838.00    6.04118
  839.00    6.01492
  840.00    6.06281
  841.00    6.05658
  842.00    6.03681
  843.00    6.08035
  844.00    6.08176
  845.00    6.05143
  846.00    6.09806
  847.00    6.10036
  848.00    6.07400
  849.00    6.11930
  850.00    6.11846
  851.00    6.09316
  852.00    6.13461
  853.00    6.13952
  854.00    6.10413
  855.00    6.15126
  856.00    6.15839
  857.00    6.12605
  858.00    6.16925
  859.00    6.17535
  860.00    6.14202
  861.00    6.18417
  862.00    6.18726
  863.00    6.15933
  864.00    6.20449
  865.00    6.20706
  866.00    6.17721
  867.00    6.21733
  868.00    6.22852
  869.00    6.19565
  870.00    6.23757
  871.00    6.24389
  872.00    6.20988
  873.00    6.25474
  874.00    6.25407
  875.00    6.22881
  876.00    6.26755
  877.00    6.27159
  878.00    6.23877
  879.00    6.27593
  880.00    6.28656
  881.00    6.24662
  882.00    6.29418
  883.00    6.31308
  884.00    6.26645
  885.00    6.30171
  886.00    6.31839
  887.00    6.28134
  888.00    6.32769
  889.00    6.34042
  890.00    6.30140
  891.00    6.34250
  892.00    6.34798
  893.00    6.31225
  894.00    6.35409
  895.00    6.36522
  896.00    6.32304
  897.00    6.37023
  898.00    6.38725
  899.00    6.33733
  900.00    6.38448
  901.00    6.39553
  902.00    6.35777
  903.00    6.40453
  904.00    6.41555
  905.00    6.37561
  906.00    6.41911
  907.00    6.42322
  908.00    6.38801
  909.00    6.43288
  910.00    6.44045
  911.00    6.40308
  912.00    6.44748
  913.00    6.45835
  914.00    6.41973
  915.00    6.46366
  916.00    6.47171
  917.00    6.43094
  918.00    6.47398
  919.00    6.48885
  920.00    6.44752
  921.00    6.48967
  922.00    6.49796
  923.00    6.45796
  924.00    6.50086
  925.00    6.51423
  926.00    6.47527
  927.00    6.51728
  928.00    6.52187
  929.00    6.48831
  930.00    6.52928
  931.00    6.54096
  932.00    6.50403
  933.00    6.54744
  934.00    6.55747
  935.00    6.51875
  936.00    6.56089
  937.00    6.56934
  938.00    6.53021
  939.00    6.56853
  940.00    6.58781
  941.00    6.54162
  942.00    6.58427
  943.00    6.58887
  944.00    6.55454
  945.00    6.59834
  946.00    6.60047
  947.00    6.55714
  948.00    6.60394
  949.00    6.61745
  950.00    6.57616
  951.00    6.61791
  952.00    6.62325
  953.00    6.58711
  954.00    6.63115
  955.00    6.63656
  956.00    6.59540
  957.00    6.63755
  958.00    6.65862
  959.00    6.61598
  960.00    6.65129
  961.00    6.66262
  962.00    6.62167
  963.00    6.65569
  964.00    6.67197
  965.00    6.62982
  966.00    6.67384
  967.00    6.67605
  968.00    6.64263
  969.00    6.68567
  970.00    6.69134
  971.00    6.64557
  972.00    6.68234
  973.00    6.70381
  974.00    6.65111
  975.00    6.69827
  976.00    6.70454
  977.00    6.66532
  978.00    6.70902
  979.00    6.71312
  980.00    6.66838
  981.00    6.71215
  982.00    6.73142
  983.00    6.68321
  984.00    6.73329
  985.00    6.75353
  986.00    6.69989
  987.00    6.74121
  988.00    6.75936
  989.00    6.72094
  990.00    6.76008
  991.00    6.77957
  992.00    6.72843
  993.00    6.77022
  994.00    6.78480
  995.00    6.74278
  996.00    6.77496
  997.00    6.80151
  998.00    6.74216
  999.00    6.78667
 1000.00    6.80262
 1001.00    6.75960
 1002.00    6.80179
 1003.00    6.81855
 1004.00    6.77305
 1005.00    6.81522
 1006.00    6.82070
 1007.00    6.78720
 1008.00    6.81958
 1009.00    6.83570
 1010.00    6.79268
 1011.00    6.83673
 1012.00    6.85558
 1013.00    6.80531
 1014.00    6.84736
 1015.00    6.86158
 1016.00    6.82013
 1017.00    6.85573
 1018.00    6.87624
 1019.00    6.82603
 1020.00    6.86613
 1021.00    6.87607
 1022.00    6.83273
 1023.00    6.87651
 1024.00    6.88174
 1025.00    6.83711
 1026.00    6.87285
 1027.00    6.89944
 1028.00    6.83634
 1029.00    6.88520
 1030.00    6.90059
 1031.00    6.85710
 1032.00    6.89843
 1033.00    6.91545
 1034.00    6.86870
 1035.00    6.91117
 1036.00    6.91932
 1037.00    6.87897
 1038.00    6.92012
 1039.00    6.92638
 1040.00    6.88561
 1041.00    6.92702
 1042.00    6.94531
 1043.00    6.89542
 1044.00    6.94020
 1045.00    6.94711
 1046.00    6.90919
 1047.00    6.94669
 1048.00    6.95903
 1049.00    6.91342
 1050.00    6.96136
 1051.00    6.97889
 1052.00    6.92769
 1053.00    6.97196
 1054.00    6.98091
 1055.00    6.93478
 1056.00    6.97712
 1057.00    6.99296
 1058.00    6.95210
 1059.00    6.99317
 1060.00    7.01487
 1061.00    6.96096
 1062.00    7.00242
 1063.00    7.01753
 1064.00    6.96892
 1065.00    7.01220
 1066.00    7.03475
 1067.00    6.98218
 1068.00    7.02426
 1069.00    7.03048
 1070.00    6.98750
 1071.00    7.03002
 1072.00    7.04360
 1073.00    6.99645
 1074.00    7.04370
 1075.00    7.06476
 1076.00    7.01470
 1077.00    7.05335
 1078.00    7.06795
 1079.00    7.02606
 1080.00    7.06931
 1081.00    7.08868
 1082.00    7.04193
 1083.00    7.07747
 1084.00    7.09197
 1085.00    7.04789
 1086.00    7.08778
 1087.00    7.10747
 1088.00    7.05639
 1089.00    7.10080
 1090.00    7.10882
 1091.00    7.06936
 1092.00    7.10674
 1093.00    7.11959
 1094.00    7.07909
 1095.00    7.11943
 1096.00    7.13766
 1097.00    7.09103
 1098.00    7.12961
 1099.00    7.14198
 1100.00    7.09800
 1101.00    7.13451
 1102.00    7.16235
 1103.00    7.10563
 1104.00    7.14727
 1105.00    7.15394
 1106.00    7.11559
 1107.00    7.15267
 1108.00    7.16011
 1109.00    7.11119
 1110.00    7.15492
 1111.00    7.17126
 1112.00    7.12260
 1113.00    7.16932
 1114.00    7.19349
 1115.00    7.13811
 1116.00    7.17547
 1117.00    7.19159
 1118.00    7.14958
 1119.00    7.18996
 1120.00    7.21441
 1121.00    7.15351
 1122.00    7.19887
 1123.00    7.21302
 1124.00    7.16858
 1125.00    7.20479
 1126.00    7.23473
 1127.00    7.16817
 1128.00    7.21656
 1129.00    7.22844
 1130.00    7.18204
 1131.00    7.22179
 1132.00    7.23396
 1133.00    7.19029
 1134.00    7.23254
 1135.00    7.25509
 1136.00    7.20380
 1137.00    7.23837
 1138.00    7.25439
 1139.00    7.20438
 1140.00    7.24579
 1141.00    7.27575
 1142.00    7.21147
 1143.00    7.25399
 1144.00    7.26592
 1145.00    7.21531
 1146.00    7.26006
 1147.00    7.26913
 1148.00    7.22338
 1149.00    7.25852
 1150.00    7.27891
 1151.00    7.23415
 1152.00    7.27581
 1153.00    7.30193
 1154.00    7.24433
 1155.00    7.28102
 1156.00    7.29999
 1157.00    7.25533
 1158.00    7.29731
 1159.00    7.32354
 1160.00    7.26025
 1161.00    7.30496
 1162.00    7.32244
 1163.00    7.27652
 1164.00    7.31438
 1165.00    7.34296
 1166.00    7.27874
 1167.00    7.32405
 1168.00    7.34016
 1169.00    7.29690
 1170.00    7.33326
 1171.00    7.36273
 1172.00    7.30070
 1173.00    7.34395
 1174.00    7.35699
 1175.00    7.31184
 1176.00    7.34886
 1177.00    7.35776
 1178.00    7.30912
 1179.00    7.35017
 1180.00    7.36998
 1181.00    7.32158
 1182.00    7.36515
 1183.00    7.39033
 1184.00    7.32792
 1185.00    7.36973
 1186.00    7.38790
 1187.00    7.34492
 1188.00    7.38733
 1189.00    7.41175
 1190.00    7.34933
 1191.00    7.39309
 1192.00    7.40445
 1193.00    7.35467
 1194.00    7.39577
 1195.00    7.41551
 1196.00    7.36759
 1197.00    7.41170
 1198.00    7.44043
 1199.00    7.37461
 1200.00    7.41611
 1201.00    7.43555
 1202.00    7.39266
 1203.00    7.43193
 1204.00    7.45841
 1205.00    7.39733
 1206.00    7.43923
 1207.00    7.45046
 1208.00    7.40314
 1209.00    7.44147
 1210.00    7.46083
 1211.00    7.41349
 1212.00    7.45728
 1213.00    7.48395
 1214.00    7.42365
 1215.00    7.46206
 1216.00    7.48091
 1217.00    7.43823
 1218.00    7.47788
 1219.00    7.50194
 1220.00    7.44299
 1221.00    7.48453
 1222.00    7.50070
 1223.00    7.45118
 1224.00    7.48330
 1225.00    7.50582
 1226.00    7.45876
 1227.00    7.50243
 1228.00    7.53023
 1229.00    7.46898
 1230.00    7.50684
 1231.00    7.52623
 1232.00    7.48130
 1233.00    7.51638
 1234.00    7.54893
 1235.00    7.48214
 1236.00    7.52346
 1237.00    7.54053
 1238.00    7.49020
 1239.00    7.52191
 1240.00    7.53657
 1241.00    7.48516
 1242.00    7.51874
 1243.00    7.54054
 1244.00    7.48946
 1245.00    7.53207
 1246.00    7.56304
 1247.00    7.49703
 1248.00    7.53123
 1249.00    7.55379
 1250.00    7.50811
 1251.00    7.54704
 1252.00    7.57885
 1253.00    7.51317
 1254.00    7.55151
 1255.00    7.57222
 1256.00    7.52616
 1257.00    7.56143
 1258.00    7.59292
 1259.00    7.53160
 1260.00    7.56797
 1261.00    7.58710
 1262.00    7.54168
 1263.00    7.57713
 1264.00    7.60789
 1265.00    7.54314
 1266.00    7.58532
 1267.00    7.59625
 1268.00    7.55245
 1269.00    7.58719
 1270.00    7.60263
 1271.00    7.55583
 1272.00    7.59702
 1273.00    7.62511
 1274.00    7.56165
 1275.00    7.60260
 1276.00    7.62153
 1277.00    7.57208
 1278.00    7.60875
 1279.00    7.64150
 1280.00    7.57254
 1281.00    7.61722
 1282.00    7.63541
 1283.00    7.59056
 1284.00    7.62177
 1285.00    7.65492
 1286.00    7.58682
 1287.00    7.63151
 1288.00    7.64908
 1289.00    7.59286
 1290.00    7.63503
 1291.00    7.65243
 1292.00    7.60713
 1293.00    7.64791
 1294.00    7.67037
 1295.00    7.61454
 1296.00    7.64920
 1297.00    7.67191
 1298.00    7.62768
 1299.00    7.66463
 1300.00    7.68874
 1301.00    7.63220
 1302.00    7.67033
 1303.00    7.68882
 1304.00    7.64516
 1305.00    7.68235
 1306.00    7.70969
 1307.00    7.64510
 1308.00    7.68536
 1309.00    7.70663
 1310.00    7.66367
 1311.00    7.69494
 1312.00    7.72327
 1313.00    7.66567
 1314.00    7.70269
 1315.00    7.71909
 1316.00    7.67356
 1317.00    7.70836
 1318.00    7.72468
 1319.00    7.67906
 1320.00    7.71454
 1321.00    7.74475
 1322.00    7.68716
 1323.00    7.71985
 1324.00    7.73542
 1325.00    7.68535
 1326.00    7.72026
 1327.00    7.74182
 1328.00    7.69679
 1329.00    7.73431
 1330.00    7.76090
 1331.00    7.70391
 1332.00    7.74071
 1333.00    7.75515
 1334.00    7.70228
 1335.00    7.73734
 1336.00    7.76141
 1337.00    7.71426
 1338.00    7.75404
 1339.00    7.78067
 1340.00    7.71909
 1341.00    7.75873
 1342.00    7.77747
 1343.00    7.73296
 1344.00    7.76464
 1345.00    7.79686
 1346.00    7.73142
 1347.00    7.77170
 1348.00    7.78898
 1349.00    7.73320
 1350.00    7.77194
 1351.00    7.79224
 1352.00    7.74353
 1353.00    7.78087
 1354.00    7.81153
 1355.00    7.74863
 1356.00    7.78523
 1357.00    7.80446
 1358.00    7.76031
 1359.00    7.79405
 1360.00    7.82701
 1361.00    7.76272
 1362.00    7.80053
 1363.00    7.81851
 1364.00    7.77479
 1365.00    7.80631
 1366.00    7.83620
 1367.00    7.76854
 1368.00    7.81186
 1369.00    7.82553
 1370.00    7.77460
 1371.00    7.81376
 1372.00    7.83166
 1373.00    7.77804
 1374.00    7.81897
 1375.00    7.85237
 1376.00    7.78655
 1377.00    7.82386
 1378.00    7.84064
 1379.00    7.78431
 1380.00    7.82261
 1381.00    7.84302
 1382.00    7.79260
 1383.00    7.83192
 1384.00    7.86692
 1385.00    7.79593
 1386.00    7.83522
 1387.00    7.85648
 1388.00    7.80944
 1389.00    7.84531
 1390.00    7.87784
 1391.00    7.81016
 1392.00    7.85005
 1393.00    7.86768
 1394.00    7.81071
 1395.00    7.84840
 1396.00    7.86702
 1397.00    7.81529
 1398.00    7.85253
 1399.00    7.88908
 1400.00    7.81693
 1401.00    7.85618
 1402.00    7.87635
 1403.00    7.82953
 1404.00    7.86304
 1405.00    7.89774
 1406.00    7.83042
 1407.00    7.86824
 1408.00    7.88662
 1409.00    7.82891
 1410.00    7.86718
 1411.00    7.88590
 1412.00    7.83691
 1413.00    7.87190
 1414.00    7.90970
 1415.00    7.83821
 1416.00    7.87544
 1417.00    7.89597
 1418.00    7.85105
 1419.00    7.87722
 1420.00    7.91714
 1421.00    7.84463
 1422.00    7.88361
 1423.00    7.90523
 1424.00    7.84490
 1425.00    7.88328
 1426.00    7.89681
 1427.00    7.84636
 1428.00    7.87753
 1429.00    7.90180
 1430.00    7.84784
 1431.00    7.89289
 1432.00    7.92081
 1433.00    7.85860
 1434.00    7.89422
 1435.00    7.91400
 1436.00    7.86019
 1437.00    7.88910
 1438.00    7.90552
 1439.00    7.84538
 1440.00    7.88577
 1441.00    7.90731
 1442.00    7.85626
 1443.00    7.89429
 1444.00    7.92707
 1445.00    7.85660
 1446.00    7.89428
 1447.00    7.91563
 1448.00    7.86145
 1449.00    7.89871
 1450.00    7.93730
 1451.00    7.86564
 1452.00    7.89906
 1453.00    7.92447
 1454.00    7.87519
 1455.00    7.91113
 1456.00    7.94904
 1457.00    7.87818
 1458.00    7.91221
 1459.00    7.93542
 1460.00    7.87732
 1461.00    7.91013
 1462.00    7.92972
 1463.00    7.88121
 1464.00    7.92075
 1465.00    7.95329
 1466.00    7.88770
 1467.00    7.92443
 1468.00    7.94480
 1469.00    7.88887
 1470.00    7.92040
 1471.00    7.94137
 1472.00    7.89283
 1473.00    7.93150
 1474.00    7.96508
 1475.00    7.89847
 1476.00    7.93186
 1477.00    7.95549
 1478.00    7.90519
 1479.00    7.94266
 1480.00    7.97932
 1481.00    7.91025
 1482.00    7.94695
 1483.00    7.96557
 1484.00    7.91181
 1485.00    7.94695
 1486.00    7.96467
 1487.00    7.91649
 1488.00    7.95592
 1489.00    7.98654
 1490.00    7.92279
 1491.00    7.95905
 1492.00    7.97933
 1493.00    7.93131
 1494.00    7.96502
 1495.00    8.00178
 1496.00    7.92863
 1497.00    7.97021
