    1.00    0.00000
    2.00    0.18656
    3.00    0.18891
    4.00    0.16468
    5.00    0.33469
    6.00    0.32092
    7.00    0.08037
    8.00    0.46710
    9.00    0.45354
   10.00    0.18401
   11.00    0.59962
   12.00    0.58724
   13.00    0.30927
   14.00    0.70625
   15.00    0.68485
   16.00    0.41659
   17.00    0.81082
   18.00    0.78222
   19.00    0.52112
   20.00    0.91259
   21.00    0.89708
   22.00    0.63332
   23.00    1.00435
   24.00    0.99409
   25.00    0.73782
   26.00    1.07751
   27.00    1.06826
   28.00    0.83219
   29.00    1.14491
   30.00    1.13247
   31.00    0.91078
   32.00    1.20451
   33.00    1.19292
   34.00    0.98454
   35.00    1.25552
   36.00    1.24681
   37.00    1.05423
   38.00    1.30943
   39.00    1.29226
   40.00    1.10919
   41.00    1.33923
   42.00    1.33287
   43.00    1.17160
   44.00    1.36995
   45.00    1.36900
   46.00    1.20581
   47.00    1.40245
   48.00    1.40264
   49.00    1.24366
   50.00    1.42795
   51.00    1.42638
   52.00    1.27840
   53.00    1.45322
   54.00    1.45525
   55.00    1.30768
   56.00    1.47904
   57.00    1.47381
   58.00    1.33564
   59.00    1.51020
   60.00    1.50654
   61.00    1.36413
   62.00    1.53603
   63.00    1.53467
   64.00    1.40544
   65.00    1.55650
   66.00    1.55396
   67.00    1.43747
   68.00    1.58335
   69.00    1.57480
   70.00    1.45662
   71.00    1.60557
   72.00    1.59967
   73.00    1.49222
   74.00    1.63145
   75.00    1.61979
   76.00    1.51958
   77.00    1.64779
   78.00    1.63832
   79.00    1.55416
   80.00    1.67074
   81.00    1.65822
   82.00    1.56474
   83.00    1.69522
   84.00    1.68217
   85.00    1.58769
   86.00    1.72063
   87.00    1.70759
   88.00    1.61991
   89.00    1.74536
   90.00    1.73329
   91.00    1.64569
   92.00    1.76952
   93.00    1.75749
   94.00    1.67398
   95.00    1.79555
   96.00    1.78318
   97.00    1.70060
   98.00    1.82335
   99.00    1.80946
  100.00    1.72618
  101.00    1.85188
  102.00    1.83823
  103.00    1.75633
  104.00    1.88154
  105.00    1.86700
  106.00    1.78514
  107.00    1.91259
  108.00    1.89585
  109.00    1.81580
  110.00    1.94462
  111.00    1.93064
  112.00    1.84396
  113.00    1.97712
  114.00    1.96666
  115.00    1.87587
  116.00    2.01077
  117.00    1.99707
  118.00    1.90911
  119.00    2.04235
  120.00    2.02850
  121.00    1.94621
  122.00    2.07631
  123.00    2.06238
  124.00    1.97567
  125.00    2.10773
  126.00    2.09415
  127.00    2.01614
  128.00    2.13387
  129.00    2.12293
  130.00    2.03918
  131.00    2.16211
  132.00    2.15010
  133.00    2.06468
  134.00    2.19065
  135.00    2.17631
  136.00    2.09857
  137.00    2.21793
  138.00    2.20533
  139.00    2.12758
  140.00    2.24677
  141.00    2.23246
  142.00    2.15462
  143.00    2.27290
  144.00    2.26066
  145.00    2.17895
  146.00    2.30287
  147.00    2.28636
  148.00    2.21156
  149.00    2.31200
  150.00    2.31531
  151.00    2.24780
  152.00    2.34402
  153.00    2.33160
  154.00    2.25325
  155.00    2.37213
  156.00    2.35799
  157.00    2.27704
  158.00    2.38417
  159.00    2.38618
  160.00    2.31476
  161.00    2.39656
  162.00    2.40340
  163.00    2.32670
  164.00    2.41369
  165.00    2.41750
  166.00    2.34786
  167.00    2.43306
  168.00    2.43502
  169.00    2.35615
  170.00    2.45211
  171.00    2.45492
  172.00    2.38448
  173.00    2.47211
  174.00    2.47444
  175.00    2.40332
  176.00    2.49254
  177.00    2.49576
  178.00    2.42175
  179.00    2.51339
  180.00    2.51586
  181.00    2.43848
  182.00    2.53394
  183.00    2.53807
  184.00    2.46005
  185.00    2.55567
  186.00    2.55848
  187.00    2.47985
  188.00    2.57703
  189.00    2.58013
  190.00    2.50186
  191.00    2.59799
  192.00    2.60195
  193.00    2.52327
  194.00    2.61883
  195.00    2.62321
  196.00    2.54811
  197.00    2.63956
  198.00    2.64231
  199.00    2.57173
  200.00    2.66143
  201.00    2.66312
  202.00    2.59162
  203.00    2.68127
  204.00    2.68403
  205.00    2.61535
  206.00    2.70186
  207.00    2.70468
  208.00    2.63458
  209.00    2.72284
  210.00    2.72417
  211.00    2.65677
  212.00    2.73772
  213.00    2.74309
  214.00    2.68427
  215.00    2.72239
  216.00    2.73376
  217.00    2.70129
  218.00    2.75565
  219.00    2.76569
  220.00    2.64505
  221.00    2.74085
  222.00    2.75039
  223.00    2.72082
  224.00    2.80223
  225.00    2.78575
  226.00    2.64586
  227.00    2.77811
  228.00    2.78678
  229.00    2.77795
  230.00    2.84449
  231.00    2.82866
  232.00    2.67622
  233.00    2.81416
  234.00    2.82574
  235.00    2.81077
  236.00    2.88068
  237.00    2.86567
  238.00    2.70971
  239.00    2.91780
  240.00    2.92283
  241.00    2.80051
  242.00    2.92563
  243.00    2.90294
  244.00    2.87264
  245.00    2.98211
  246.00    2.96753
  247.00    2.83049
  248.00    2.97974
  249.00    2.96126
  250.00    2.94023
  251.00    3.04095
  252.00    3.02380
  253.00    2.88138
  254.00    3.00906
  255.00    3.02048
  256.00    3.01665
  257.00    3.07237
  258.00    3.05622
  259.00    2.90373
  260.00    3.04539
  261.00    3.05441
  262.00    3.04939
  263.00    3.11083
  264.00    3.09733
  265.00    2.94383
  266.00    3.07834
  267.00    3.08858
  268.00    3.09173
  269.00    3.15111
  270.00    3.13055
  271.00    2.97670
  272.00    3.12042
  273.00    3.12765
  274.00    3.12190
  275.00    3.19288
  276.00    3.17527
  277.00    3.01906
  278.00    3.16215
  279.00    3.16690
  280.00    3.17351
  281.00    3.22975
  282.00    3.21449
  283.00    3.06143
  284.00    3.20361
  285.00    3.20832
  286.00    3.21185
  287.00    3.27404
  288.00    3.26124
  289.00    3.10372
  290.00    3.24597
  291.00    3.25046
  292.00    3.25594
  293.00    3.31639
  294.00    3.30075
  295.00    3.14731
  296.00    3.31264
  297.00    3.29252
  298.00    3.28930
  299.00    3.37894
  300.00    3.37045
  301.00    3.21423
  302.00    3.36998
  303.00    3.35255
  304.00    3.35051
  305.00    3.43263
  306.00    3.42419
  307.00    3.26557
  308.00    3.48877
  309.00    3.47086
  310.00    3.33357
  311.00    3.53903
  312.00    3.51434
  313.00    3.40377
  314.00    3.57272
  315.00    3.57387
  316.00    3.49058
  317.00    3.59975
  318.00    3.60022
  319.00    3.54145
  320.00    3.62850
  321.00    3.63163
  322.00    3.57420
  323.00    3.65508
  324.00    3.65906
  325.00    3.60186
  326.00    3.67791
  327.00    3.68220
  328.00    3.64304
  329.00    3.70075
  330.00    3.70375
  331.00    3.67387
  332.00    3.72423
  333.00    3.72724
  334.00    3.69833
  335.00    3.74936
  336.00    3.74757
  337.00    3.71611
  338.00    3.77049
  339.00    3.77281
  340.00    3.73960
  341.00    3.79031
  342.00    3.79151
  343.00    3.76744
  344.00    3.81016
  345.00    3.81195
  346.00    3.78691
  347.00    3.82746
  348.00    3.83016
  349.00    3.80861
  350.00    3.84746
  351.00    3.85086
  352.00    3.82592
  353.00    3.86664
  354.00    3.87053
  355.00    3.84988
  356.00    3.88528
  357.00    3.88950
  358.00    3.87404
  359.00    3.90454
  360.00    3.90732
  361.00    3.89479
  362.00    3.92268
  363.00    3.92710
  364.00    3.91260
  365.00    3.94044
  366.00    3.94462
  367.00    3.93158
  368.00    3.95793
  369.00    3.96176
  370.00    3.94932
  371.00    3.97503
  372.00    3.97901
  373.00    3.97492
  374.00    3.99139
  375.00    3.99543
  376.00    3.98737
  377.00    4.00819
  378.00    4.01249
  379.00    4.00526
  380.00    4.02283
  381.00    4.02858
  382.00    4.02354
  383.00    4.03879
  384.00    4.04364
  385.00    4.04843
  386.00    4.05378
  387.00    4.05841
  388.00    4.05619
  389.00    4.06816
  390.00    4.07202
  391.00    4.07209
  392.00    4.08314
  393.00    4.08763
  394.00    4.08635
  395.00    4.09644
  396.00    4.10020
  397.00    4.10199
  398.00    4.10873
  399.00    4.11418
  400.00    4.11603
  401.00    4.12533
  402.00    4.13071
  403.00    4.12888
  404.00    4.11806
  405.00    4.14646
  406.00    4.15448
  407.00    4.13309
  408.00    4.16071
  409.00    4.17047
  410.00    4.14705
  411.00    4.17490
  412.00    4.18406
  413.00    4.16059
  414.00    4.18783
  415.00    4.19741
  416.00    4.17397
  417.00    4.19978
  418.00    4.20662
  419.00    4.18531
  420.00    4.21502
  421.00    4.21817
  422.00    4.19832
  423.00    4.22583
  424.00    4.23397
  425.00    4.20661
  426.00    4.23523
  427.00    4.25496
  428.00    4.21778
  429.00    4.24750
  430.00    4.26370
  431.00    4.22687
  432.00    4.25771
  433.00    4.26699
  434.00    4.23709
  435.00    4.26773
  436.00    4.28582
  437.00    4.24633
  438.00    4.27365
  439.00    4.29703
  440.00    4.25243
  441.00    4.28667
  442.00    4.30608
  443.00    4.26260
  444.00    4.28967
  445.00    4.31646
  446.00    4.26576
  447.00    4.29511
  448.00    4.31511
  449.00    4.27405
  450.00    4.30028
  451.00    4.32751
  452.00    4.27910
  453.00    4.30601
  454.00    4.33510
  455.00    4.28353
  456.00    4.30988
  457.00    4.34046
  458.00    4.28817
  459.00    4.31562
  460.00    4.34487
  461.00    4.29332
  462.00    4.31835
  463.00    4.35106
  464.00    4.29363
  465.00    4.32352
  466.00    4.35387
  467.00    4.29830
  468.00    4.32790
  469.00    4.35077
  470.00    4.30294
  471.00    4.33023
  472.00    4.35555
  473.00    4.30484
  474.00    4.33365
  475.00    4.36238
  476.00    4.30771
  477.00    4.33354
  478.00    4.36212
  479.00    4.30950
  480.00    4.33670
  481.00    4.36337
  482.00    4.31192
  483.00    4.33505
  484.00    4.36624
  485.00    4.31019
  486.00    4.33983
  487.00    4.36595
  488.00    4.31452
  489.00    4.34065
  490.00    4.37451
  491.00    4.31462
  492.00    4.34209
  493.00    4.37188
  494.00    4.31722
  495.00    4.34270
  496.00    4.37455
  497.00    4.31769
  498.00    4.34239
  499.00    4.37351
  500.00    4.31229
  501.00    4.34018
  502.00    4.37446
  503.00    4.30992
  504.00    4.33742
  505.00    4.37524
  506.00    4.30836
  507.00    4.33387
  508.00    4.37554
  509.00    4.30636
  510.00    4.32914
  511.00    4.36874
  512.00    4.30216
  513.00    4.32714
  514.00    4.36014
  515.00    4.30005
  516.00    4.32346
  517.00    4.36311
  518.00    4.29661
  519.00    4.32039
  520.00    4.35944
  521.00    4.29359
  522.00    4.31715
  523.00    4.35110
  524.00    4.28887
  525.00    4.31417
  526.00    4.35289
  527.00    4.28652
  528.00    4.31298
  529.00    4.34907
  530.00    4.28408
  531.00    4.30979
  532.00    4.34760
  533.00    4.28232
  534.00    4.30702
  535.00    4.34167
  536.00    4.27949
  537.00    4.30410
  538.00    4.33876
  539.00    4.28036
  540.00    4.29078
  541.00    4.31479
  542.00    4.25864
  543.00    4.26973
  544.00    4.29484
  545.00    4.23787
  546.00    4.24843
  547.00    4.27649
  548.00    4.21768
  549.00    4.22576
  550.00    4.25269
  551.00    4.19888
  552.00    4.20683
  553.00    4.23496
  554.00    4.18101
  555.00    4.18810
  556.00    4.21600
  557.00    4.25022
  558.00    4.25553
  559.00    4.11025
  560.00    4.22741
  561.00    4.26240
  562.00    4.27690
  563.00    4.23437
  564.00    4.26996
  565.00    4.28421
  566.00    4.24183
  567.00    4.27154
  568.00    4.29372
  569.00    4.24190
  570.00    4.27169
  571.00    4.29789
  572.00    4.24538
  573.00    4.27082
  574.00    4.30468
  575.00    4.24493
  576.00    4.27106
  577.00    4.30233
  578.00    4.24474
  579.00    4.27174
  580.00    4.30463
  581.00    4.24353
  582.00    4.26960
  583.00    4.30339
  584.00    4.24280
  585.00    4.26778
  586.00    4.30255
  587.00    4.24164
  588.00    4.26763
  589.00    4.30149
  590.00    4.24038
  591.00    4.26526
  592.00    4.30160
  593.00    4.23921
  594.00    4.26332
  595.00    4.30032
  596.00    4.24021
  597.00    4.24818
  598.00    4.27057
  599.00    4.21800
  600.00    4.22900
  601.00    4.25030
  602.00    4.19809
  603.00    4.20749
  604.00    4.23002
  605.00    4.18018
  606.00    4.18751
  607.00    4.21172
  608.00    4.24940
  609.00    4.25377
  610.00    4.11014
  611.00    4.22884
  612.00    4.26122
  613.00    4.27100
  614.00    4.23376
  615.00    4.26746
  616.00    4.28113
  617.00    4.23907
  618.00    4.26950
  619.00    4.29020
  620.00    4.24303
  621.00    4.26981
  622.00    4.29704
  623.00    4.24205
  624.00    4.26913
  625.00    4.30019
  626.00    4.24214
  627.00    4.26698
  628.00    4.29985
  629.00    4.24033
  630.00    4.26707
  631.00    4.29991
  632.00    4.24170
  633.00    4.26463
  634.00    4.30130
  635.00    4.23989
  636.00    4.26303
  637.00    4.30080
  638.00    4.23812
  639.00    4.26105
  640.00    4.29921
  641.00    4.23600
  642.00    4.25906
  643.00    4.29752
  644.00    4.23394
  645.00    4.25676
  646.00    4.29587
  647.00    4.23523
  648.00    4.24479
  649.00    4.26182
  650.00    4.21565
  651.00    4.22432
  652.00    4.24223
  653.00    4.19629
  654.00    4.20419
  655.00    4.22592
  656.00    4.17735
  657.00    4.18474
  658.00    4.20717
  659.00    4.24699
  660.00    4.25130
  661.00    4.10529
  662.00    4.22749
  663.00    4.25936
  664.00    4.27331
  665.00    4.23167
  666.00    4.26174
  667.00    4.27762
  668.00    4.23337
  669.00    4.26525
  670.00    4.28104
  671.00    4.23900
  672.00    4.26520
  673.00    4.29055
  674.00    4.23869
  675.00    4.26491
  676.00    4.29477
  677.00    4.23627
  678.00    4.26252
  679.00    4.29433
  680.00    4.23436
  681.00    4.26008
  682.00    4.29518
  683.00    4.23559
  684.00    4.25634
  685.00    4.29357
  686.00    4.23041
  687.00    4.25495
  688.00    4.29151
  689.00    4.22816
  690.00    4.25540
  691.00    4.29226
  692.00    4.23240
  693.00    4.24102
  694.00    4.25949
  695.00    4.21144
  696.00    4.22154
  697.00    4.24172
  698.00    4.19403
  699.00    4.20010
  700.00    4.22251
  701.00    4.26224
  702.00    4.26760
  703.00    4.12008
  704.00    4.24108
  705.00    4.27468
  706.00    4.28629
  707.00    4.24594
  708.00    4.27894
  709.00    4.29336
  710.00    4.24927
  711.00    4.28103
  712.00    4.29759
  713.00    4.25304
  714.00    4.28064
  715.00    4.30130
  716.00    4.25127
  717.00    4.28100
  718.00    4.30501
  719.00    4.25237
  720.00    4.27834
  721.00    4.31584
  722.00    4.25155
  723.00    4.27599
  724.00    4.30786
  725.00    4.24973
  726.00    4.27588
  727.00    4.30805
  728.00    4.25049
  729.00    4.27280
  730.00    4.31062
  731.00    4.24765
  732.00    4.26982
  733.00    4.30459
  734.00    4.24378
  735.00    4.26739
  736.00    4.30073
  737.00    4.24647
  738.00    4.25313
  739.00    4.27226
  740.00    4.22375
  741.00    4.23320
  742.00    4.25562
  743.00    4.20280
  744.00    4.21187
  745.00    4.23075
  746.00    4.18438
  747.00    4.19188
  748.00    4.21091
  749.00    4.25164
  750.00    4.25608
  751.00    4.11100
  752.00    4.23149
  753.00    4.26344
  754.00    4.27677
  755.00    4.23685
  756.00    4.26969
  757.00    4.28815
  758.00    4.24027
  759.00    4.27049
  760.00    4.28885
  761.00    4.24311
  762.00    4.27258
  763.00    4.29125
  764.00    4.24200
  765.00    4.27616
  766.00    4.29966
  767.00    4.24731
  768.00    4.26907
  769.00    4.30299
  770.00    4.24238
  771.00    4.26443
  772.00    4.30058
  773.00    4.23852
  774.00    4.26053
  775.00    4.30435
  776.00    4.25305
  777.00    4.28716
  778.00    4.31065
  779.00    4.25734
  780.00    4.28067
  781.00    4.31641
  782.00    4.25721
  783.00    4.28529
  784.00    4.30884
  785.00    4.26193
  786.00    4.28473
  787.00    4.31571
  788.00    4.26304
  789.00    4.28480
  790.00    4.32192
  791.00    4.26331
  792.00    4.28459
  793.00    4.32283
  794.00    4.26330
  795.00    4.28262
  796.00    4.31855
  797.00    4.26077
  798.00    4.28135
  799.00    4.32310
  800.00    4.27511
  801.00    4.29975
  802.00    4.34140
  803.00    4.27392
  804.00    4.29883
  805.00    4.32860
  806.00    4.27448
  807.00    4.30136
  808.00    4.33320
  809.00    4.27630
  810.00    4.30142
  811.00    4.33929
  812.00    4.27769
  813.00    4.30297
  814.00    4.33963
  815.00    4.27745
  816.00    4.30169
  817.00    4.33793
  818.00    4.27786
  819.00    4.30104
  820.00    4.34096
  821.00    4.27721
  822.00    4.30020
  823.00    4.33746
  824.00    4.27516
  825.00    4.30128
  826.00    4.34006
  827.00    4.27681
  828.00    4.29986
  829.00    4.33724
  830.00    4.27677
  831.00    4.29880
  832.00    4.33791
  833.00    4.27428
  834.00    4.29753
  835.00    4.33550
  836.00    4.27406
  837.00    4.29633
  838.00    4.33467
  839.00    4.27175
  840.00    4.29483
  841.00    4.33376
  842.00    4.27171
  843.00    4.29605
  844.00    4.33427
  845.00    4.27183
  846.00    4.29416
  847.00    4.33320
  848.00    4.26679
  849.00    4.29242
  850.00    4.33425
  851.00    4.26779
  852.00    4.29083
  853.00    4.33577
  854.00    4.27558
  855.00    4.31119
  856.00    4.34938
  857.00    4.28237
  858.00    4.30432
  859.00    4.34639
  860.00    4.27963
  861.00    4.30525
  862.00    4.34265
  863.00    4.28018
  864.00    4.30592
  865.00    4.34972
  866.00    4.29195
  867.00    4.32531
  868.00    4.37017
  869.00    4.29584
  870.00    4.31955
  871.00    4.35880
  872.00    4.29354
  873.00    4.32049
  874.00    4.35655
  875.00    4.29503
  876.00    4.31906
  877.00    4.36556
  878.00    4.29374
  879.00    4.31793
  880.00    4.36253
  881.00    4.29262
  882.00    4.31490
  883.00    4.36283
  884.00    4.29114
  885.00    4.31386
  886.00    4.35717
  887.00    4.28762
  888.00    4.31491
  889.00    4.35775
  890.00    4.28777
  891.00    4.31339
  892.00    4.35693
  893.00    4.28640
  894.00    4.31423
  895.00    4.35716
  896.00    4.28664
  897.00    4.31446
  898.00    4.35939
  899.00    4.28687
  900.00    4.31268
  901.00    4.36140
  902.00    4.28649
  903.00    4.31320
  904.00    4.35319
  905.00    4.28658
  906.00    4.31315
  907.00    4.35990
  908.00    4.28670
  909.00    4.31344
  910.00    4.35771
  911.00    4.28517
  912.00    4.31331
  913.00    4.36408
  914.00    4.30111
  915.00    4.32781
  916.00    4.38258
  917.00    4.31497
  918.00    4.35069
  919.00    4.40463
  920.00    4.33802
  921.00    4.38606
  922.00    4.41518
  923.00    4.36420
  924.00    4.40235
  925.00    4.42793
  926.00    4.37787
  927.00    4.44085
  928.00    4.43664
  929.00    4.43876
  930.00    4.44480
  931.00    4.44189
  932.00    4.44248
  933.00    4.45610
  934.00    4.44686
  935.00    4.41426
  936.00    4.46513
  937.00    4.46836
  938.00    4.46947
  939.00    4.47896
  940.00    4.47493
  941.00    4.44463
  942.00    4.48254
  943.00    4.49739
  944.00    4.45220
  945.00    4.50201
  946.00    4.50219
  947.00    4.47474
  948.00    4.50744
  949.00    4.52403
  950.00    4.48199
  951.00    4.52831
  952.00    4.53570
  953.00    4.52575
  954.00    4.54545
  955.00    4.54496
  956.00    4.51286
  957.00    4.54898
  958.00    4.56972
  959.00    4.52481
  960.00    4.57499
  961.00    4.58429
  962.00    4.53980
  963.00    4.57305
  964.00    4.60281
  965.00    4.55313
  966.00    4.59608
  967.00    4.61335
  968.00    4.59923
  969.00    4.61386
  970.00    4.62217
  971.00    4.58173
  972.00    4.62009
  973.00    4.63931
  974.00    4.59574
  975.00    4.64308
  976.00    4.65462
  977.00    4.64072
  978.00    4.65982
  979.00    4.65858
  980.00    4.63066
  981.00    4.66607
  982.00    4.67599
  983.00    4.63537
  984.00    4.67141
  985.00    4.69071
  986.00    4.67697
  987.00    4.69987
  988.00    4.69027
  989.00    4.67308
  990.00    4.70503
  991.00    4.71481
  992.00    4.68189
  993.00    4.72551
  994.00    4.72711
  995.00    4.69618
  996.00    4.72434
  997.00    4.74870
  998.00    4.70964
  999.00    4.74964
 1000.00    4.75565
 1001.00    4.71405
 1002.00    4.75141
 1003.00    4.77175
 1004.00    4.72285
 1005.00    4.77156
 1006.00    4.77667
 1007.00    4.73755
 1008.00    4.76928
 1009.00    4.79822
 1010.00    4.75316
 1011.00    4.78849
 1012.00    4.80206
 1013.00    4.76020
 1014.00    4.79986
 1015.00    4.81453
 1016.00    4.77000
 1017.00    4.81568
 1018.00    4.81873
 1019.00    4.78582
 1020.00    4.81540
 1021.00    4.83817
 1022.00    4.79790
 1023.00    4.84152
 1024.00    4.84859
 1025.00    4.79860
 1026.00    4.84031
 1027.00    4.86466
 1028.00    4.82040
 1029.00    4.86472
 1030.00    4.86953
 1031.00    4.82839
 1032.00    4.86741
 1033.00    4.87694
 1034.00    4.83854
 1035.00    4.87692
 1036.00    4.88000
 1037.00    4.84050
 1038.00    4.86899
 1039.00    4.89752
 1040.00    4.85990
 1041.00    4.89552
 1042.00    4.90551
 1043.00    4.86587
 1044.00    4.90269
 1045.00    4.91147
 1046.00    4.86618
 1047.00    4.90055
 1048.00    4.92268
 1049.00    4.88515
 1050.00    4.92522
 1051.00    4.92761
 1052.00    4.88797
 1053.00    4.91997
 1054.00    4.94629
 1055.00    4.90324
 1056.00    4.94083
 1057.00    4.94867
 1058.00    4.90988
 1059.00    4.94518
 1060.00    4.95513
 1061.00    4.90491
 1062.00    4.93091
 1063.00    4.95985
 1064.00    4.91699
 1065.00    4.95999
 1066.00    4.96551
 1067.00    4.92656
 1068.00    4.96553
 1069.00    4.97260
 1070.00    4.91646
 1071.00    4.96437
 1072.00    4.98281
 1073.00    4.93920
 1074.00    4.97892
 1075.00    4.99119
 1076.00    4.94874
 1077.00    4.98694
 1078.00    4.99625
 1079.00    4.94961
 1080.00    4.98806
 1081.00    5.00208
 1082.00    4.94793
 1083.00    4.98451
 1084.00    4.99874
 1085.00    4.95471
 1086.00    4.99428
 1087.00    5.00268
 1088.00    4.94846
 1089.00    4.98935
 1090.00    5.00598
 1091.00    4.95810
 1092.00    5.00182
 1093.00    5.01882
 1094.00    4.96895
 1095.00    5.01300
 1096.00    5.02870
 1097.00    4.98159
 1098.00    5.01632
 1099.00    5.03169
 1100.00    4.98865
 1101.00    5.03112
 1102.00    5.03938
 1103.00    4.98947
 1104.00    4.99949
 1105.00    5.01883
 1106.00    4.95471
 1107.00    4.99280
 1108.00    5.01799
 1109.00    4.97032
 1110.00    5.01475
 1111.00    5.03080
 1112.00    4.98245
 1113.00    5.02552
 1114.00    5.03921
 1115.00    4.99965
 1116.00    5.03362
 1117.00    5.03980
 1118.00    4.99190
 1119.00    5.01069
 1120.00    5.02728
 1121.00    4.98593
 1122.00    4.99686
 1123.00    5.01383
 1124.00    4.95947
 1125.00    4.97971
 1126.00    5.01652
 1127.00    4.97042
 1128.00    4.98793
 1129.00    5.00773
 1130.00    4.94467
 1131.00    4.96724
 1132.00    5.00258
 1133.00    4.96301
 1134.00    4.97809
 1135.00    5.00054
 1136.00    4.93939
 1137.00    4.96217
 1138.00    4.99644
 1139.00    4.95400
 1140.00    4.99022
 1141.00    5.02631
 1142.00    4.98337
 1143.00    5.01956
 1144.00    5.04678
 1145.00    5.00316
 1146.00    5.01867
 1147.00    5.03705
 1148.00    4.97122
 1149.00    4.98651
 1150.00    5.00841
 1151.00    4.95767
 1152.00    4.98594
 1153.00    5.01406
 1154.00    4.97675
 1155.00    4.98962
 1156.00    5.01241
 1157.00    4.95920
 1158.00    4.98189
 1159.00    5.01625
 1160.00    4.97873
 1161.00    4.99025
 1162.00    5.01428
 1163.00    4.95398
 1164.00    4.98134
 1165.00    5.01255
 1166.00    4.96794
 1167.00    5.00537
 1168.00    5.03975
 1169.00    4.99416
 1170.00    5.02329
 1171.00    5.06306
 1172.00    5.01840
 1173.00    5.04146
 1174.00    5.05230
 1175.00    4.99668
 1176.00    5.00600
 1177.00    5.04377
 1178.00    4.97346
 1179.00    5.00197
 1180.00    5.02892
 1181.00    4.98470
 1182.00    5.01990
 1183.00    5.05716
 1184.00    5.00393
 1185.00    5.04782
 1186.00    5.07993
 1187.00    5.04807
 1188.00    5.06900
 1189.00    5.07180
 1190.00    5.01980
 1191.00    5.02901
 1192.00    5.05359
 1193.00    4.99684
 1194.00    5.00815
 1195.00    5.02502
 1196.00    4.96770
 1197.00    4.99438
 1198.00    5.02850
 1199.00    4.98446
 1200.00    5.02432
 1201.00    5.05832
 1202.00    5.02048
 1203.00    5.03447
 1204.00    5.05832
 1205.00    4.99283
 1206.00    5.02392
 1207.00    5.04999
 1208.00    5.00823
 1209.00    5.03688
 1210.00    5.07744
 1211.00    5.03739
 1212.00    5.06071
 1213.00    5.07458
 1214.00    5.02769
 1215.00    5.04078
 1216.00    5.07056
 1217.00    4.99885
 1218.00    5.01032
 1219.00    5.03636
 1220.00    4.97164
 1221.00    5.00030
 1222.00    5.03541
 1223.00    4.99298
 1224.00    5.02812
 1225.00    5.06522
 1226.00    5.01476
 1227.00    5.05369
 1228.00    5.09285
 1229.00    5.05412
 1230.00    5.07695
 1231.00    5.08960
 1232.00    5.03584
 1233.00    5.05486
 1234.00    5.08437
 1235.00    5.01272
 1236.00    5.03945
 1237.00    5.06996
 1238.00    5.02885
 1239.00    5.04483
 1240.00    5.07400
 1241.00    5.01487
 1242.00    5.03811
 1243.00    5.07467
 1244.00    5.02355
 1245.00    5.06052
 1246.00    5.10293
 1247.00    5.05010
 1248.00    5.08877
 1249.00    5.12810
 1250.00    5.08677
 1251.00    5.11084
 1252.00    5.12584
 1253.00    5.06580
 1254.00    5.08356
 1255.00    5.12086
 1256.00    5.04054
 1257.00    5.06137
 1258.00    5.10595
 1259.00    5.06135
 1260.00    5.07630
 1261.00    5.11375
 1262.00    5.03594
 1263.00    5.06530
 1264.00    5.10475
 1265.00    5.05769
 1266.00    5.09335
 1267.00    5.13473
 1268.00    5.08933
 1269.00    5.10318
 1270.00    5.14046
 1271.00    5.06090
 1272.00    5.08570
 1273.00    5.12462
 1274.00    5.08378
 1275.00    5.09451
 1276.00    5.13380
 1277.00    5.05381
 1278.00    5.08617
 1279.00    5.12115
 1280.00    5.07411
 1281.00    5.10851
 1282.00    5.15278
 1283.00    5.11030
 1284.00    5.12090
 1285.00    5.15527
 1286.00    5.08182
 1287.00    5.09750
 1288.00    5.12801
 1289.00    5.08225
 1290.00    5.09934
 1291.00    5.13308
 1292.00    5.05548
 1293.00    5.08188
 1294.00    5.11806
 1295.00    5.06957
 1296.00    5.10546
 1297.00    5.15142
 1298.00    5.10649
 1299.00    5.12477
 1300.00    5.15333
 1301.00    5.08640
 1302.00    5.09864
 1303.00    5.13791
 1304.00    5.06703
 1305.00    5.08636
 1306.00    5.12698
 1307.00    5.08121
 1308.00    5.09213
 1309.00    5.13507
 1310.00    5.05727
 1311.00    5.08802
 1312.00    5.12360
 1313.00    5.07850
 1314.00    5.11132
 1315.00    5.15679
 1316.00    5.11131
 1317.00    5.13147
 1318.00    5.16278
 1319.00    5.09406
 1320.00    5.10916
 1321.00    5.14953
 1322.00    5.09802
 1323.00    5.11348
 1324.00    5.14926
 1325.00    5.07028
 1326.00    5.08370
 1327.00    5.11570
 1328.00    5.06009
 1329.00    5.07650
 1330.00    5.10272
 1331.00    5.04321
 1332.00    5.05212
 1333.00    5.09045
 1334.00    5.02028
 1335.00    5.03586
 1336.00    5.07317
 1337.00    4.99529
 1338.00    5.01347
 1339.00    5.05179
 1340.00    4.96881
 1341.00    4.99029
 1342.00    5.02290
 1343.00    4.94020
 1344.00    4.95513
 1345.00    4.99360
 1346.00    4.91449
 1347.00    4.92719
 1348.00    4.95801
 1349.00    4.88972
 1350.00    4.90158
 1351.00    4.93011
 1352.00    4.86172
 1353.00    4.88426
 1354.00    4.92674
 1355.00    4.90182
 1356.00    4.93242
 1357.00    4.97517
 1358.00    4.93069
 1359.00    4.96929
 1360.00    5.00944
 1361.00    4.95547
 1362.00    4.99793
 1363.00    5.03258
 1364.00    4.98169
 1365.00    5.01669
 1366.00    5.05594
 1367.00    5.01522
 1368.00    5.02573
 1369.00    5.03565
 1370.00    4.99200
 1371.00    5.02245
 1372.00    5.05069
 1373.00    5.00295
 1374.00    5.03947
 1375.00    5.07128
 1376.00    5.02320
 1377.00    5.04043
 1378.00    5.05587
 1379.00    5.01008
 1380.00    5.04005
 1381.00    5.07295
 1382.00    5.03221
 1383.00    5.04034
 1384.00    5.06410
 1385.00    5.00870
 1386.00    5.03449
 1387.00    5.06771
 1388.00    5.01587
 1389.00    5.05291
 1390.00    5.08970
 1391.00    5.04096
 1392.00    5.06091
 1393.00    5.08725
 1394.00    5.02413
 1395.00    5.05689
 1396.00    5.09197
 1397.00    5.04071
 1398.00    5.06075
 1399.00    5.08671
 1400.00    5.02894
 1401.00    5.03917
 1402.00    5.07394
 1403.00    5.01577
 1404.00    5.03381
 1405.00    5.06270
 1406.00    5.01134
 1407.00    5.02776
 1408.00    5.06686
 1409.00    5.00515
 1410.00    5.02731
 1411.00    5.06370
 1412.00    4.99860
 1413.00    5.01396
 1414.00    5.04905
 1415.00    4.97800
 1416.00    4.99408
 1417.00    5.03061
 1418.00    4.95743
 1419.00    4.97299
 1420.00    5.00893
 1421.00    4.93636
 1422.00    4.95204
 1423.00    4.98404
 1424.00    4.91423
 1425.00    4.92791
 1426.00    4.96349
 1427.00    4.89142
 1428.00    4.90696
 1429.00    4.93667
 1430.00    4.86641
 1431.00    4.88258
 1432.00    4.91665
 1433.00    4.84116
 1434.00    4.85951
 1435.00    4.89148
 1436.00    4.81204
 1437.00    4.84267
 1438.00    4.88830
 1439.00    4.85521
 1440.00    4.88074
 1441.00    4.93425
 1442.00    4.89692
 1443.00    4.90650
 1444.00    4.92219
 1445.00    4.86691
 1446.00    4.89774
 1447.00    4.94652
 1448.00    4.90366
 1449.00    4.93863
 1450.00    4.96492
 1451.00    4.92416
 1452.00    4.96518
 1453.00    4.98634
 1454.00    4.94834
 1455.00    4.97726
 1456.00    5.00859
 1457.00    4.97528
 1458.00    4.98450
 1459.00    4.99643
 1460.00    4.95283
 1461.00    4.96515
 1462.00    4.99091
 1463.00    4.94225
 1464.00    4.96120
 1465.00    4.98557
 1466.00    4.93822
 1467.00    4.95614
 1468.00    4.98907
 1469.00    4.92872
 1470.00    4.94643
 1471.00    4.98393
 1472.00    4.92049
 1473.00    4.93765
 1474.00    4.97815
 1475.00    4.92642
 1476.00    4.94225
 1477.00    4.97952
 1478.00    4.89940
 1479.00    4.91470
 1480.00    4.94945
 1481.00    4.88725
 1482.00    4.90246
 1483.00    4.93873
 1484.00    4.86397
 1485.00    4.87964
 1486.00    4.91352
 1487.00    4.83651
 1488.00    4.86252
 1489.00    4.90016
 1490.00    4.86899
 1491.00    4.88019
 1492.00    4.91937
 1493.00    4.87326
 1494.00    4.88465
 1495.00    4.91690
 1496.00    4.85084
 1497.00    4.86330
