    1.00    0.00000
    2.00    0.18347
    3.00    0.18822
    4.00    0.15667
    5.00    0.32762
    6.00    0.34050
    7.00    0.13452
    8.00    0.48184
    9.00    0.50021
   10.00    0.23999
   11.00    0.63699
   12.00    0.64873
   13.00    0.37945
   14.00    0.78158
   15.00    0.79840
   16.00    0.50777
   17.00    0.92427
   18.00    0.93046
   19.00    0.64210
   20.00    1.02603
   21.00    1.02985
   22.00    0.75452
   23.00    1.10811
   24.00    1.11740
   25.00    0.86241
   26.00    1.18386
   27.00    1.18200
   28.00    0.95299
   29.00    1.24793
   30.00    1.24717
   31.00    1.03881
   32.00    1.30067
   33.00    1.30157
   34.00    1.11589
   35.00    1.34327
   36.00    1.34126
   37.00    1.17974
   38.00    1.37452
   39.00    1.36957
   40.00    1.23823
   41.00    1.40292
   42.00    1.39914
   43.00    1.28114
   44.00    1.43158
   45.00    1.42763
   46.00    1.31726
   47.00    1.45874
   48.00    1.45708
   49.00    1.34411
   50.00    1.48423
   51.00    1.48404
   52.00    1.37343
   53.00    1.50939
   54.00    1.50646
   55.00    1.40368
   56.00    1.53321
   57.00    1.53030
   58.00    1.42999
   59.00    1.55628
   60.00    1.55385
   61.00    1.45633
   62.00    1.57914
   63.00    1.57638
   64.00    1.47971
   65.00    1.60212
   66.00    1.59973
   67.00    1.50351
   68.00    1.62574
   69.00    1.62309
   70.00    1.52478
   71.00    1.66459
   72.00    1.64551
   73.00    1.54090
   74.00    1.68809
   75.00    1.68286
   76.00    1.56650
   77.00    1.71978
   78.00    1.71442
   79.00    1.60176
   80.00    1.74787
   81.00    1.74214
   82.00    1.62898
   83.00    1.77821
   84.00    1.77238
   85.00    1.65871
   86.00    1.81283
   87.00    1.80719
   88.00    1.68877
   89.00    1.85025
   90.00    1.84079
   91.00    1.72154
   92.00    1.88605
   93.00    1.87600
   94.00    1.75461
   95.00    1.92154
   96.00    1.91134
   97.00    1.79178
   98.00    1.95331
   99.00    1.94684
  100.00    1.83350
  101.00    1.98758
  102.00    1.98099
  103.00    1.86448
  104.00    2.01913
  105.00    2.01938
  106.00    1.90000
  107.00    2.05246
  108.00    2.04985
  109.00    1.92787
  110.00    2.08657
  111.00    2.08732
  112.00    1.96314
  113.00    2.12471
  114.00    2.12487
  115.00    1.99878
  116.00    2.16497
  117.00    2.15811
  118.00    2.04215
  119.00    2.20344
  120.00    2.19642
  121.00    2.08584
  122.00    2.24100
  123.00    2.23011
  124.00    2.12480
  125.00    2.27821
  126.00    2.26477
  127.00    2.16173
  128.00    2.31919
  129.00    2.31097
  130.00    2.20047
  131.00    2.35411
  132.00    2.34966
  133.00    2.24108
  134.00    2.39463
  135.00    2.38035
  136.00    2.27728
  137.00    2.43074
  138.00    2.41975
  139.00    2.31538
  140.00    2.47098
  141.00    2.45658
  142.00    2.35287
  143.00    2.50657
  144.00    2.50515
  145.00    2.39464
  146.00    2.54685
  147.00    2.52979
  148.00    2.42903
  149.00    2.58573
  150.00    2.57106
  151.00    2.47078
  152.00    2.62434
  153.00    2.61267
  154.00    2.50775
  155.00    2.66267
  156.00    2.64814
  157.00    2.54914
  158.00    2.70057
  159.00    2.68599
  160.00    2.58726
  161.00    2.73836
  162.00    2.72369
  163.00    2.62712
  164.00    2.77360
  165.00    2.76143
  166.00    2.66411
  167.00    2.81017
  168.00    2.80680
  169.00    2.69998
  170.00    2.84717
  171.00    2.84398
  172.00    2.73355
  173.00    2.88687
  174.00    2.87197
  175.00    2.77373
  176.00    2.91219
  177.00    2.91166
  178.00    2.82239
  179.00    2.93747
  180.00    2.94362
  181.00    2.84542
  182.00    2.91700
  183.00    2.92733
  184.00    2.90285
  185.00    2.95050
  186.00    2.95769
  187.00    2.84744
  188.00    2.92588
  189.00    2.93713
  190.00    2.92116
  191.00    2.98050
  192.00    2.97315
  193.00    2.84443
  194.00    2.97665
  195.00    2.96570
  196.00    2.94871
  197.00    3.02257
  198.00    3.01890
  199.00    2.89037
  200.00    2.98780
  201.00    3.00616
  202.00    2.99694
  203.00    3.04108
  204.00    3.03777
  205.00    2.90074
  206.00    3.03760
  207.00    3.02772
  208.00    3.01381
  209.00    3.09243
  210.00    3.07573
  211.00    2.94811
  212.00    3.09236
  213.00    3.07533
  214.00    3.06275
  215.00    3.13727
  216.00    3.13621
  217.00    2.99800
  218.00    3.13715
  219.00    3.12074
  220.00    3.10499
  221.00    3.19808
  222.00    3.18370
  223.00    3.04297
  224.00    3.24605
  225.00    3.23321
  226.00    3.10405
  227.00    3.29169
  228.00    3.27558
  229.00    3.15894
  230.00    3.33726
  231.00    3.32128
  232.00    3.20972
  233.00    3.38183
  234.00    3.36565
  235.00    3.25748
  236.00    3.42068
  237.00    3.42752
  238.00    3.33851
  239.00    3.46789
  240.00    3.47305
  241.00    3.38663
  242.00    3.51402
  243.00    3.52040
  244.00    3.43383
  245.00    3.55399
  246.00    3.56411
  247.00    3.48522
  248.00    3.60824
  249.00    3.60951
  250.00    3.52797
  251.00    3.64851
  252.00    3.65666
  253.00    3.57443
  254.00    3.69680
  255.00    3.69760
  256.00    3.62279
  257.00    3.73689
  258.00    3.73981
  259.00    3.65778
  260.00    3.77640
  261.00    3.78732
  262.00    3.70012
  263.00    3.82544
  264.00    3.83221
  265.00    3.75379
  266.00    3.86434
  267.00    3.87531
  268.00    3.79793
  269.00    3.90968
  270.00    3.91456
  271.00    3.84385
  272.00    3.94960
  273.00    3.95621
  274.00    3.88303
  275.00    3.98982
  276.00    3.99574
  277.00    3.92699
  278.00    4.02576
  279.00    4.03330
  280.00    3.96697
  281.00    4.06389
  282.00    4.06908
  283.00    4.00922
  284.00    4.09912
  285.00    4.10031
  286.00    4.04616
  287.00    4.13036
  288.00    4.13144
  289.00    4.08197
  290.00    4.16081
  291.00    4.16039
  292.00    4.11906
  293.00    4.16129
  294.00    4.15681
  295.00    4.09843
  296.00    4.19781
  297.00    4.19957
  298.00    4.14528
  299.00    4.20812
  300.00    4.23830
  301.00    4.19455
  302.00    4.21766
  303.00    4.24170
  304.00    4.18003
  305.00    4.25680
  306.00    4.28431
  307.00    4.23523
  308.00    4.29564
  309.00    4.32392
  310.00    4.28445
  311.00    4.30722
  312.00    4.33314
  313.00    4.27230
  314.00    4.34872
  315.00    4.37293
  316.00    4.32861
  317.00    4.34905
  318.00    4.37854
  319.00    4.30985
  320.00    4.39202
  321.00    4.42197
  322.00    4.37076
  323.00    4.43041
  324.00    4.45845
  325.00    4.41854
  326.00    4.43794
  327.00    4.46926
  328.00    4.40001
  329.00    4.50529
  330.00    4.50820
  331.00    4.45294
  332.00    4.51954
  333.00    4.54182
  334.00    4.50502
  335.00    4.52723
  336.00    4.55322
  337.00    4.49183
  338.00    4.58611
  339.00    4.58993
  340.00    4.53815
  341.00    4.62055
  342.00    4.62395
  343.00    4.57641
  344.00    4.63016
  345.00    4.65461
  346.00    4.62180
  347.00    4.66086
  348.00    4.66319
  349.00    4.60357
  350.00    4.68877
  351.00    4.69747
  352.00    4.65091
  353.00    4.72311
  354.00    4.72926
  355.00    4.68911
  356.00    4.72113
  357.00    4.72454
  358.00    4.66940
  359.00    4.76096
  360.00    4.76284
  361.00    4.71209
  362.00    4.79068
  363.00    4.79498
  364.00    4.75047
  365.00    4.80152
  366.00    4.82530
  367.00    4.79622
  368.00    4.81421
  369.00    4.83474
  370.00    4.79270
  371.00    4.84640
  372.00    4.87182
  373.00    4.83151
  374.00    4.88186
  375.00    4.90240
  376.00    4.87445
  377.00    4.89022
  378.00    4.91307
  379.00    4.86841
  380.00    4.92453
  381.00    4.94917
  382.00    4.91073
  383.00    4.95545
  384.00    4.97775
  385.00    4.95233
  386.00    4.96633
  387.00    4.98655
  388.00    4.94843
  389.00    4.99987
  390.00    5.02154
  391.00    4.98854
  392.00    5.02953
  393.00    5.05096
  394.00    5.02512
  395.00    5.03892
  396.00    5.06157
  397.00    5.02192
  398.00    5.07215
  399.00    5.09614
  400.00    5.06701
  401.00    5.10265
  402.00    5.12535
  403.00    5.09900
  404.00    5.10754
  405.00    5.13374
  406.00    5.09739
  407.00    5.14527
  408.00    5.16667
  409.00    5.13814
  410.00    5.17116
  411.00    5.19383
  412.00    5.17128
  413.00    5.18278
  414.00    5.20041
  415.00    5.16817
  416.00    5.20900
  417.00    5.23430
  418.00    5.20606
  419.00    5.23918
  420.00    5.26202
  421.00    5.23937
  422.00    5.24998
  423.00    5.27099
  424.00    5.23635
  425.00    5.28107
  426.00    5.30302
  427.00    5.27575
  428.00    5.30508
  429.00    5.32785
  430.00    5.30831
  431.00    5.31247
  432.00    5.33670
  433.00    5.30897
  434.00    5.34527
  435.00    5.36654
  436.00    5.33698
  437.00    5.36884
  438.00    5.39281
  439.00    5.37252
  440.00    5.37723
  441.00    5.40010
  442.00    5.37286
  443.00    5.40833
  444.00    5.42967
  445.00    5.40561
  446.00    5.43231
  447.00    5.45510
  448.00    5.43580
  449.00    5.44369
  450.00    5.46671
  451.00    5.43732
  452.00    5.47308
  453.00    5.49541
  454.00    5.47222
  455.00    5.47660
  456.00    5.50393
  457.00    5.47486
  458.00    5.51462
  459.00    5.53574
  460.00    5.51219
  461.00    5.51843
  462.00    5.54162
  463.00    5.50980
  464.00    5.55428
  465.00    5.57462
  466.00    5.54975
  467.00    5.57805
  468.00    5.60031
  469.00    5.58084
  470.00    5.59805
  471.00    5.62297
  472.00    5.60396
  473.00    5.61930
  474.00    5.64298
  475.00    5.63160
  476.00    5.63557
  477.00    5.65669
  478.00    5.63645
  479.00    5.65688
  480.00    5.68031
  481.00    5.66903
  482.00    5.67238
  483.00    5.69497
  484.00    5.67340
  485.00    5.69907
  486.00    5.72012
  487.00    5.70697
  488.00    5.70948
  489.00    5.73129
  490.00    5.70965
  491.00    5.73793
  492.00    5.75837
  493.00    5.74299
  494.00    5.74635
  495.00    5.76643
  496.00    5.74655
  497.00    5.77616
  498.00    5.79733
  499.00    5.77404
  500.00    5.79602
  501.00    5.81924
  502.00    5.80884
  503.00    5.80914
  504.00    5.83277
  505.00    5.81385
  506.00    5.83796
  507.00    5.85604
  508.00    5.84663
  509.00    5.84475
  510.00    5.86704
  511.00    5.85102
  512.00    5.87507
  513.00    5.89477
  514.00    5.87476
  515.00    5.89575
  516.00    5.91394
  517.00    5.90997
  518.00    5.90859
  519.00    5.93077
  520.00    5.91900
  521.00    5.91895
  522.00    5.93656
  523.00    5.92656
  524.00    5.93145
  525.00    5.95095
  526.00    5.94105
  527.00    5.94836
  528.00    5.96898
  529.00    5.95644
  530.00    5.96009
  531.00    5.98309
  532.00    5.97396
  533.00    5.97145
  534.00    6.00536
  535.00    5.98919
  536.00    5.99783
  537.00    6.01750
  538.00    6.01455
  539.00    6.01445
  540.00    6.03556
  541.00    6.02356
  542.00    6.03673
  543.00    6.05948
  544.00    6.05015
  545.00    6.05063
  546.00    6.07511
  547.00    6.05915
  548.00    6.08095
  549.00    6.10003
  550.00    6.08461
  551.00    6.08651
  552.00    6.11561
  553.00    6.09664
  554.00    6.11989
  555.00    6.14087
  556.00    6.12377
  557.00    6.12725
  558.00    6.15682
  559.00    6.13712
  560.00    6.16123
  561.00    6.18107
  562.00    6.16490
  563.00    6.17026
  564.00    6.19536
  565.00    6.17716
  566.00    6.19932
  567.00    6.22158
  568.00    6.20536
  569.00    6.20616
  570.00    6.23218
  571.00    6.21568
  572.00    6.23661
  573.00    6.25849
  574.00    6.24348
  575.00    6.24201
  576.00    6.27021
  577.00    6.25348
  578.00    6.27547
  579.00    6.29588
  580.00    6.28052
  581.00    6.29871
  582.00    6.31761
  583.00    6.30668
  584.00    6.30601
  585.00    6.32899
  586.00    6.31921
  587.00    6.31594
  588.00    6.33509
  589.00    6.32574
  590.00    6.34060
  591.00    6.36539
  592.00    6.34917
  593.00    6.37068
  594.00    6.39153
  595.00    6.37309
  596.00    6.38746
  597.00    6.40854
  598.00    6.40366
  599.00    6.39689
  600.00    6.42254
  601.00    6.41733
  602.00    6.40724
  603.00    6.43348
  604.00    6.42835
  605.00    6.43529
  606.00    6.45786
  607.00    6.44780
  608.00    6.44398
  609.00    6.46571
  610.00    6.45958
  611.00    6.45778
  612.00    6.47340
  613.00    6.46288
  614.00    6.47729
  615.00    6.49987
  616.00    6.48241
  617.00    6.50553
  618.00    6.52711
  619.00    6.50896
  620.00    6.52731
  621.00    6.54766
  622.00    6.53767
  623.00    6.53401
  624.00    6.56388
  625.00    6.54673
  626.00    6.56212
  627.00    6.58737
  628.00    6.57513
  629.00    6.57429
  630.00    6.59589
  631.00    6.58422
  632.00    6.59515
  633.00    6.62089
  634.00    6.60848
  635.00    6.62223
  636.00    6.64064
  637.00    6.62832
  638.00    6.62826
  639.00    6.64983
  640.00    6.63415
  641.00    6.65081
  642.00    6.67369
  643.00    6.65787
  644.00    6.66987
  645.00    6.69126
  646.00    6.68637
  647.00    6.67969
  648.00    6.70605
  649.00    6.69580
  650.00    6.70542
  651.00    6.72857
  652.00    6.71679
  653.00    6.71238
  654.00    6.73730
  655.00    6.72298
  656.00    6.73644
  657.00    6.76065
  658.00    6.74715
  659.00    6.74601
  660.00    6.76959
  661.00    6.75465
  662.00    6.77088
  663.00    6.79305
  664.00    6.77696
  665.00    6.79062
  666.00    6.81307
  667.00    6.80479
  668.00    6.80159
  669.00    6.82398
  670.00    6.81370
  671.00    6.82386
  672.00    6.84569
  673.00    6.83387
  674.00    6.83296
  675.00    6.85335
  676.00    6.84020
  677.00    6.85398
  678.00    6.87769
  679.00    6.86488
  680.00    6.87375
  681.00    6.89557
  682.00    6.89181
  683.00    6.88753
  684.00    6.91027
  685.00    6.90007
  686.00    6.90880
  687.00    6.93079
  688.00    6.92295
  689.00    6.92053
  690.00    6.94172
  691.00    6.93161
  692.00    6.93742
  693.00    6.96350
  694.00    6.95488
  695.00    6.94986
  696.00    6.97049
  697.00    6.96241
  698.00    6.96728
  699.00    6.99456
  700.00    6.98088
  701.00    6.99194
  702.00    7.01363
  703.00    7.00746
  704.00    6.99946
  705.00    7.02234
  706.00    7.01587
  707.00    7.02125
  708.00    7.04426
  709.00    7.03615
  710.00    7.03003
  711.00    7.05484
  712.00    7.04617
  713.00    7.05323
  714.00    7.07457
  715.00    7.06765
  716.00    7.06322
  717.00    7.08714
  718.00    7.07985
  719.00    7.08568
  720.00    7.10823
  721.00    7.10046
  722.00    7.10372
  723.00    7.12416
  724.00    7.12299
  725.00    7.11631
  726.00    7.13773
  727.00    7.13291
  728.00    7.13641
  729.00    7.15667
  730.00    7.15106
  731.00    7.14740
  732.00    7.16842
  733.00    7.17314
  734.00    7.16525
  735.00    7.18635
  736.00    7.18453
  737.00    7.18185
  738.00    7.20303
  739.00    7.20075
  740.00    7.19202
  741.00    7.21076
  742.00    7.22366
  743.00    7.21106
  744.00    7.23365
  745.00    7.23701
  746.00    7.22033
  747.00    7.24434
  748.00    7.25023
  749.00    7.23422
  750.00    7.25406
  751.00    7.26297
  752.00    7.25168
  753.00    7.27531
  754.00    7.26878
  755.00    7.26956
  756.00    7.29347
  757.00    7.29179
  758.00    7.28375
  759.00    7.30478
  760.00    7.30486
  761.00    7.29383
  762.00    7.31002
  763.00    7.31820
  764.00    7.30114
  765.00    7.32917
  766.00    7.32429
  767.00    7.32181
  768.00    7.34172
  769.00    7.34372
  770.00    7.32644
  771.00    7.35351
  772.00    7.35818
  773.00    7.35015
  774.00    7.37167
  775.00    7.36874
  776.00    7.36811
  777.00    7.38938
  778.00    7.38351
  779.00    7.38327
  780.00    7.40319
  781.00    7.40918
  782.00    7.39729
  783.00    7.41954
  784.00    7.42153
  785.00    7.41289
  786.00    7.43403
  787.00    7.43816
  788.00    7.42298
  789.00    7.44708
  790.00    7.45325
  791.00    7.43581
  792.00    7.45543
  793.00    7.46957
  794.00    7.44668
  795.00    7.47336
  796.00    7.47961
  797.00    7.46362
  798.00    7.48488
  799.00    7.48830
  800.00    7.48076
  801.00    7.50154
  802.00    7.50330
  803.00    7.49071
  804.00    7.51282
  805.00    7.52246
  806.00    7.50006
  807.00    7.52198
  808.00    7.53427
  809.00    7.51041
  810.00    7.53336
  811.00    7.53652
  812.00    7.52108
  813.00    7.54278
  814.00    7.54987
  815.00    7.52862
  816.00    7.55785
  817.00    7.55998
  818.00    7.54181
  819.00    7.56609
  820.00    7.55752
  821.00    7.53728
  822.00    7.55149
  823.00    7.56269
  824.00    7.54876
  825.00    7.56165
  826.00    7.55442
  827.00    7.55498
  828.00    7.56344
  829.00    7.54351
  830.00    7.57957
  831.00    7.55742
  832.00    7.52101
  833.00    7.56283
  834.00    7.58535
  835.00    7.56556
  836.00    7.57057
  837.00    7.59006
  838.00    7.58709
  839.00    7.57868
  840.00    7.59709
  841.00    7.58092
  842.00    7.59315
  843.00    7.61423
  844.00    7.60007
  845.00    7.61111
  846.00    7.63054
  847.00    7.61547
  848.00    7.62260
  849.00    7.64398
  850.00    7.64102
  851.00    7.63408
  852.00    7.65132
  853.00    7.65601
  854.00    7.64130
  855.00    7.65712
  856.00    7.66110
  857.00    7.64178
  858.00    7.66086
  859.00    7.67521
  860.00    7.65676
  861.00    7.67560
  862.00    7.67961
  863.00    7.66036
  864.00    7.68205
  865.00    7.67688
  866.00    7.66184
  867.00    7.68239
  868.00    7.67295
  869.00    7.67644
  870.00    7.69356
  871.00    7.68605
  872.00    7.67804
  873.00    7.70058
  874.00    7.68827
  875.00    7.69444
  876.00    7.71223
  877.00    7.70210
  878.00    7.70373
  879.00    7.72042
  880.00    7.71514
  881.00    7.70868
  882.00    7.72498
  883.00    7.72705
  884.00    7.71609
  885.00    7.73419
  886.00    7.72327
  887.00    7.72286
  888.00    7.74036
  889.00    7.74327
  890.00    7.72811
  891.00    7.74706
  892.00    7.74048
  893.00    7.73100
  894.00    7.74788
  895.00    7.73800
  896.00    7.74382
  897.00    7.76032
  898.00    7.74794
  899.00    7.75326
  900.00    7.77156
  901.00    7.76558
  902.00    7.75925
  903.00    7.77657
  904.00    7.77829
  905.00    7.76231
  906.00    7.78637
  907.00    7.77541
  908.00    7.77715
  909.00    7.79207
  910.00    7.79238
  911.00    7.78112
  912.00    7.79537
  913.00    7.80290
  914.00    7.79167
  915.00    7.80691
  916.00    7.80206
  917.00    7.79840
  918.00    7.81321
  919.00    7.81712
  920.00    7.80651
  921.00    7.82043
  922.00    7.81771
  923.00    7.80830
  924.00    7.82584
  925.00    7.82045
  926.00    7.81812
  927.00    7.83535
  928.00    7.82969
  929.00    7.82297
  930.00    7.84436
  931.00    7.83225
  932.00    7.83613
  933.00    7.85470
  934.00    7.84801
  935.00    7.84615
  936.00    7.86138
  937.00    7.86026
  938.00    7.85197
  939.00    7.86671
  940.00    7.87429
  941.00    7.85819
  942.00    7.87699
  943.00    7.87822
  944.00    7.86386
  945.00    7.88406
  946.00    7.88017
  947.00    7.87798
  948.00    7.89186
  949.00    7.88675
  950.00    7.88419
  951.00    7.90036
  952.00    7.89961
  953.00    7.88703
  954.00    7.90448
  955.00    7.90965
  956.00    7.89615
  957.00    7.91492
  958.00    7.91069
  959.00    7.90431
  960.00    7.92151
  961.00    7.92576
  962.00    7.91484
  963.00    7.92921
  964.00    7.92779
  965.00    7.91458
  966.00    7.93210
  967.00    7.93220
  968.00    7.92027
  969.00    7.94246
  970.00    7.93179
  971.00    7.93562
  972.00    7.95450
  973.00    7.94673
  974.00    7.94956
  975.00    7.96642
  976.00    7.96355
  977.00    7.95939
  978.00    7.97648
  979.00    7.96896
  980.00    7.97184
  981.00    7.98752
  982.00    7.98373
  983.00    7.97870
  984.00    7.99708
  985.00    7.98842
  986.00    7.99339
  987.00    8.01029
  988.00    8.00141
  989.00    8.00093
  990.00    8.01574
  991.00    8.01541
  992.00    8.00245
  993.00    8.02020
  994.00    8.01685
  995.00    8.00529
  996.00    8.02391
  997.00    8.02087
  998.00    8.02241
  999.00    8.03779
 1000.00    8.03144
 1001.00    8.02711
 1002.00    8.04630
 1003.00    8.03890
 1004.00    8.04144
 1005.00    8.05925
 1006.00    8.05336
 1007.00    8.05151
 1008.00    8.06701
 1009.00    8.06590
 1010.00    8.05430
 1011.00    8.07389
 1012.00    8.07526
 1013.00    8.06476
 1014.00    8.08188
 1015.00    8.07624
 1016.00    8.07367
 1017.00    8.08777
 1018.00    8.09201
 1019.00    8.08220
 1020.00    8.09691
 1021.00    8.09349
 1022.00    8.08478
 1023.00    8.10042
 1024.00    8.09708
 1025.00    8.09715
 1026.00    8.11719
 1027.00    8.10830
 1028.00    8.10576
 1029.00    8.12292
 1030.00    8.12646
 1031.00    8.11434
 1032.00    8.13529
 1033.00    8.13030
 1034.00    8.12966
 1035.00    8.14280
 1036.00    8.14590
 1037.00    8.13279
 1038.00    8.15225
 1039.00    8.14635
 1040.00    8.14696
 1041.00    8.16450
 1042.00    8.15866
 1043.00    8.15463
 1044.00    8.16849
 1045.00    8.17190
 1046.00    8.15734
 1047.00    8.17857
 1048.00    8.17296
 1049.00    8.17100
 1050.00    8.18477
 1051.00    8.18481
 1052.00    8.17203
 1053.00    8.19227
 1054.00    8.18714
 1055.00    8.18666
 1056.00    8.20159
 1057.00    8.20466
 1058.00    8.19153
 1059.00    8.20830
 1060.00    8.20500
 1061.00    8.20215
 1062.00    8.22185
 1063.00    8.21850
 1064.00    8.20712
 1065.00    8.22725
 1066.00    8.22451
 1067.00    8.22235
 1068.00    8.23861
 1069.00    8.23797
 1070.00    8.22898
 1071.00    8.24386
 1072.00    8.24096
 1073.00    8.24024
 1074.00    8.25718
 1075.00    8.25358
 1076.00    8.24576
 1077.00    8.26464
 1078.00    8.26086
 1079.00    8.26021
 1080.00    8.27527
 1081.00    8.27150
 1082.00    8.26440
 1083.00    8.28241
 1084.00    8.28343
 1085.00    8.26963
 1086.00    8.29097
 1087.00    8.28795
 1088.00    8.27797
 1089.00    8.29278
 1090.00    8.29348
 1091.00    8.28819
 1092.00    8.30383
 1093.00    8.30217
 1094.00    8.29518
 1095.00    8.31474
 1096.00    8.30995
 1097.00    8.31072
 1098.00    8.32719
 1099.00    8.32219
 1100.00    8.31314
 1101.00    8.33190
 1102.00    8.33027
 1103.00    8.31851
 1104.00    8.33811
 1105.00    8.33248
 1106.00    8.33761
 1107.00    8.35226
 1108.00    8.34345
 1109.00    8.34962
 1110.00    8.36395
 1111.00    8.36363
 1112.00    8.35679
 1113.00    8.37217
 1114.00    8.36849
 1115.00    8.35606
 1116.00    8.37549
 1117.00    8.37308
 1118.00    8.36335
 1119.00    8.38486
 1120.00    8.37466
 1121.00    8.38244
 1122.00    8.39467
 1123.00    8.38837
 1124.00    8.38362
 1125.00    8.40050
 1126.00    8.39245
 1127.00    8.41592
 1128.00    8.40299
 1129.00    8.38180
 1130.00    8.40907
 1131.00    8.42736
 1132.00    8.41464
 1133.00    8.42734
 1134.00    8.44113
 1135.00    8.42976
 1136.00    8.44139
 1137.00    8.45640
 1138.00    8.44438
 1139.00    8.45374
 1140.00    8.46568
 1141.00    8.46451
 1142.00    8.46105
 1143.00    8.47389
 1144.00    8.47204
 1145.00    8.46304
 1146.00    8.47789
 1147.00    8.48592
 1148.00    8.47366
 1149.00    8.48948
 1150.00    8.48762
 1151.00    8.47956
 1152.00    8.49550
 1153.00    8.50172
 1154.00    8.49018
 1155.00    8.50547
 1156.00    8.50380
 1157.00    8.49265
 1158.00    8.50678
 1159.00    8.50124
 1160.00    8.50387
 1161.00    8.51867
 1162.00    8.51503
 1163.00    8.50687
 1164.00    8.52182
 1165.00    8.51474
 1166.00    8.51976
 1167.00    8.53471
 1168.00    8.53143
 1169.00    8.52276
 1170.00    8.54101
 1171.00    8.53499
 1172.00    8.52440
 1173.00    8.54422
 1174.00    8.53536
 1175.00    8.54382
 1176.00    8.55845
 1177.00    8.54648
 1178.00    8.55793
 1179.00    8.57295
 1180.00    8.56805
 1181.00    8.56592
 1182.00    8.57873
 1183.00    8.57967
 1184.00    8.56956
 1185.00    8.58427
 1186.00    8.59108
 1187.00    8.57875
 1188.00    8.59424
 1189.00    8.59114
 1190.00    8.58530
 1191.00    8.59908
 1192.00    8.60660
 1193.00    8.59377
 1194.00    8.60985
 1195.00    8.60874
 1196.00    8.59880
 1197.00    8.61181
 1198.00    8.60837
 1199.00    8.60903
 1200.00    8.62501
 1201.00    8.62029
 1202.00    8.61364
 1203.00    8.62998
 1204.00    8.62316
 1205.00    8.62796
 1206.00    8.64281
 1207.00    8.63888
 1208.00    8.63314
 1209.00    8.64886
 1210.00    8.64164
 1211.00    8.64637
 1212.00    8.66263
 1213.00    8.65555
 1214.00    8.65610
 1215.00    8.67022
 1216.00    8.67015
 1217.00    8.65968
 1218.00    8.67529
 1219.00    8.69571
 1220.00    8.67010
 1221.00    8.69255
 1222.00    8.69851
 1223.00    8.67832
 1224.00    8.69555
 1225.00    8.70302
 1226.00    8.68761
 1227.00    8.70318
 1228.00    8.70443
 1229.00    8.68803
 1230.00    8.70910
 1231.00    8.70580
 1232.00    8.70273
 1233.00    8.71741
 1234.00    8.71466
 1235.00    8.71020
 1236.00    8.72544
 1237.00    8.72650
 1238.00    8.71445
 1239.00    8.73005
 1240.00    8.73879
 1241.00    8.72698
 1242.00    8.74235
 1243.00    8.73941
 1244.00    8.73243
 1245.00    8.74693
 1246.00    8.74989
 1247.00    8.73860
 1248.00    8.75450
 1249.00    8.75099
 1250.00    8.74645
 1251.00    8.76079
 1252.00    8.76155
 1253.00    8.74926
 1254.00    8.76471
 1255.00    8.78740
 1256.00    8.76036
 1257.00    8.78279
 1258.00    8.79032
 1259.00    8.76780
 1260.00    8.78720
 1261.00    8.78839
 1262.00    8.77736
 1263.00    8.79064
 1264.00    8.79118
 1265.00    8.78108
 1266.00    8.79778
 1267.00    8.80151
 1268.00    8.78715
 1269.00    8.80139
 1270.00    8.82356
 1271.00    8.79999
 1272.00    8.81987
 1273.00    8.82145
 1274.00    8.80329
 1275.00    8.82283
 1276.00    8.82801
 1277.00    8.80916
 1278.00    8.82427
 1279.00    8.83551
 1280.00    8.81931
 1281.00    8.83660
 1282.00    8.83815
 1283.00    8.82623
 1284.00    8.84124
 1285.00    8.84775
 1286.00    8.83064
 1287.00    8.84867
 1288.00    8.85375
 1289.00    8.83951
 1290.00    8.85769
 1291.00    8.86158
 1292.00    8.84744
 1293.00    8.86789
 1294.00    8.86611
 1295.00    8.85780
 1296.00    8.87408
 1297.00    8.87844
 1298.00    8.86572
 1299.00    8.88414
 1300.00    8.88791
 1301.00    8.87539
 1302.00    8.89506
 1303.00    8.89824
 1304.00    8.88791
 1305.00    8.90559
 1306.00    8.90535
 1307.00    8.89848
 1308.00    8.91566
 1309.00    8.91773
 1310.00    8.91041
 1311.00    8.92504
 1312.00    8.92629
 1313.00    8.91973
 1314.00    8.93712
 1315.00    8.93784
 1316.00    8.93334
 1317.00    8.94878
 1318.00    8.94743
 1319.00    8.94235
 1320.00    8.95550
 1321.00    8.95859
 1322.00    8.94906
 1323.00    8.96446
 1324.00    8.96594
 1325.00    8.95733
 1326.00    8.97393
 1327.00    8.97644
 1328.00    8.96680
 1329.00    8.98428
 1330.00    8.98716
 1331.00    8.97568
 1332.00    8.99444
 1333.00    8.99648
 1334.00    8.98861
 1335.00    9.00552
 1336.00    9.00425
 1337.00    9.00042
 1338.00    9.01488
 1339.00    9.01807
 1340.00    9.00670
 1341.00    9.02671
 1342.00    9.02685
 1343.00    9.02044
 1344.00    9.03690
 1345.00    9.03839
 1346.00    9.02754
 1347.00    9.04585
 1348.00    9.04779
 1349.00    9.03700
 1350.00    9.05268
 1351.00    9.05600
 1352.00    9.04993
 1353.00    9.06510
 1354.00    9.06193
 1355.00    9.06067
 1356.00    9.07532
 1357.00    9.07695
 1358.00    9.06815
 1359.00    9.08527
 1360.00    9.08590
 1361.00    9.08106
 1362.00    9.09600
 1363.00    9.09623
 1364.00    9.08740
 1365.00    9.10282
 1366.00    9.10945
 1367.00    9.09534
 1368.00    9.11501
 1369.00    9.11856
 1370.00    9.10684
 1371.00    9.12372
 1372.00    9.12796
 1373.00    9.11123
 1374.00    9.12839
 1375.00    9.13751
 1376.00    9.12052
 1377.00    9.13990
 1378.00    9.14725
 1379.00    9.13404
 1380.00    9.15009
 1381.00    9.15902
 1382.00    9.13997
 1383.00    9.15734
 1384.00    9.16079
 1385.00    9.14727
 1386.00    9.16505
 1387.00    9.17131
 1388.00    9.15682
 1389.00    9.17483
 1390.00    9.18215
 1391.00    9.16532
 1392.00    9.18449
 1393.00    9.19007
 1394.00    9.17621
 1395.00    9.19612
 1396.00    9.20265
 1397.00    9.18836
 1398.00    9.20431
 1399.00    9.21099
 1400.00    9.19627
 1401.00    9.21825
 1402.00    9.22390
 1403.00    9.21059
 1404.00    9.22711
 1405.00    9.23229
 1406.00    9.21991
 1407.00    9.23924
 1408.00    9.24579
 1409.00    9.23292
 1410.00    9.24929
 1411.00    9.25184
 1412.00    9.24045
 1413.00    9.25671
 1414.00    9.26286
 1415.00    9.24875
 1416.00    9.26498
 1417.00    9.27337
 1418.00    9.25837
 1419.00    9.27822
 1420.00    9.28588
 1421.00    9.26981
 1422.00    9.28501
 1423.00    9.28991
 1424.00    9.27636
 1425.00    9.29349
 1426.00    9.29842
 1427.00    9.28045
 1428.00    9.29918
 1429.00    9.31058
 1430.00    9.29221
 1431.00    9.31144
 1432.00    9.32153
 1433.00    9.30443
 1434.00    9.32376
 1435.00    9.33502
 1436.00    9.31506
 1437.00    9.33067
 1438.00    9.33630
 1439.00    9.32029
 1440.00    9.33907
 1441.00    9.34549
 1442.00    9.32313
 1443.00    9.34208
 1444.00    9.35270
 1445.00    9.33399
 1446.00    9.35258
 1447.00    9.36414
 1448.00    9.34454
 1449.00    9.36453
 1450.00    9.37623
 1451.00    9.35182
 1452.00    9.36980
 1453.00    9.37833
 1454.00    9.35923
 1455.00    9.37643
 1456.00    9.38585
 1457.00    9.36741
 1458.00    9.38763
 1459.00    9.39925
 1460.00    9.37571
 1461.00    9.39384
 1462.00    9.40439
 1463.00    9.38585
 1464.00    9.40617
 1465.00    9.42068
 1466.00    9.39485
 1467.00    9.41176
 1468.00    9.42364
 1469.00    9.40543
 1470.00    9.42640
 1471.00    9.44057
 1472.00    9.42239
 1473.00    9.44163
 1474.00    9.45418
 1475.00    9.42868
 1476.00    9.44693
 1477.00    9.45894
 1478.00    9.43685
 1479.00    9.45505
 1480.00    9.46345
 1481.00    9.44014
 1482.00    9.46075
 1483.00    9.47149
 1484.00    9.45119
 1485.00    9.47147
 1486.00    9.48415
 1487.00    9.45589
 1488.00    9.47546
 1489.00    9.48723
 1490.00    9.45967
 1491.00    9.47737
 1492.00    9.49082
 1493.00    9.47145
 1494.00    9.49020
 1495.00    9.50523
 1496.00    9.48106
 1497.00    9.50076
