    1.00    0.00000
    2.00    0.18274
    3.00    0.16820
    4.00    0.17370
    5.00    0.30327
    6.00    0.30127
    7.00    0.09316
    8.00    0.43734
    9.00    0.43612
   10.00    0.18907
   11.00    0.56824
   12.00    0.56504
   13.00    0.30886
   14.00    0.68592
   15.00    0.67873
   16.00    0.42861
   17.00    0.79048
   18.00    0.78885
   19.00    0.53023
   20.00    0.88865
   21.00    0.88760
   22.00    0.63074
   23.00    0.99131
   24.00    0.98570
   25.00    0.73094
   26.00    1.10981
   27.00    1.09945
   28.00    0.83659
   29.00    1.20394
   30.00    1.19721
   31.00    0.96141
   32.00    1.28087
   33.00    1.27583
   34.00    1.05294
   35.00    1.34421
   36.00    1.34070
   37.00    1.14203
   38.00    1.40397
   39.00    1.40594
   40.00    1.21681
   41.00    1.46455
   42.00    1.46056
   43.00    1.29172
   44.00    1.51571
   45.00    1.51320
   46.00    1.36356
   47.00    1.55505
   48.00    1.54988
   49.00    1.42221
   50.00    1.58842
   51.00    1.58364
   52.00    1.47409
   53.00    1.61784
   54.00    1.61781
   55.00    1.51701
   56.00    1.64714
   57.00    1.63882
   58.00    1.55124
   59.00    1.67008
   60.00    1.66571
   61.00    1.58424
   62.00    1.70837
   63.00    1.69220
   64.00    1.60111
   65.00    1.74215
   66.00    1.72662
   67.00    1.64448
   68.00    1.77308
   69.00    1.75812
   70.00    1.67888
   71.00    1.80563
   72.00    1.79189
   73.00    1.71222
   74.00    1.84234
   75.00    1.82183
   76.00    1.74416
   77.00    1.87360
   78.00    1.85377
   79.00    1.77344
   80.00    1.90738
   81.00    1.88689
   82.00    1.80701
   83.00    1.94185
   84.00    1.91653
   85.00    1.84309
   86.00    1.97178
   87.00    1.95639
   88.00    1.88896
   89.00    2.00395
   90.00    1.98526
   91.00    1.92960
   92.00    2.03460
   93.00    2.01914
   94.00    1.95818
   95.00    2.06812
   96.00    2.04790
   97.00    1.98843
   98.00    2.09334
   99.00    2.07657
  100.00    2.02287
  101.00    2.12503
  102.00    2.10667
  103.00    2.05093
  104.00    2.15179
  105.00    2.14090
  106.00    2.08324
  107.00    2.18139
  108.00    2.16578
  109.00    2.11033
  110.00    2.20537
  111.00    2.18968
  112.00    2.14012
  113.00    2.23686
  114.00    2.21792
  115.00    2.16160
  116.00    2.26418
  117.00    2.23626
  118.00    2.19425
  119.00    2.29390
  120.00    2.26377
  121.00    2.22292
  122.00    2.31862
  123.00    2.28768
  124.00    2.25344
  125.00    2.34905
  126.00    2.31889
  127.00    2.27719
  128.00    2.37881
  129.00    2.34690
  130.00    2.30881
  131.00    2.38857
  132.00    2.37857
  133.00    2.35277
  134.00    2.42022
  135.00    2.39134
  136.00    2.35465
  137.00    2.44798
  138.00    2.44460
  139.00    2.42968
  140.00    2.42673
  141.00    2.43958
  142.00    2.38817
  143.00    2.41819
  144.00    2.43530
  145.00    2.39515
  146.00    2.47068
  147.00    2.45382
  148.00    2.34614
  149.00    2.52114
  150.00    2.50220
  151.00    2.41018
  152.00    2.56153
  153.00    2.56677
  154.00    2.50649
  155.00    2.60265
  156.00    2.59845
  157.00    2.55980
  158.00    2.61313
  159.00    2.59298
  160.00    2.49340
  161.00    2.65397
  162.00    2.65391
  163.00    2.59445
  164.00    2.68916
  165.00    2.68540
  166.00    2.64189
  167.00    2.69980
  168.00    2.68245
  169.00    2.58070
  170.00    2.74172
  171.00    2.74406
  172.00    2.67668
  173.00    2.78319
  174.00    2.78478
  175.00    2.73064
  176.00    2.82098
  177.00    2.82033
  178.00    2.78290
  179.00    2.83767
  180.00    2.81743
  181.00    2.72237
  182.00    2.87889
  183.00    2.88121
  184.00    2.82313
  185.00    2.91680
  186.00    2.91629
  187.00    2.87389
  188.00    2.94724
  189.00    2.95363
  190.00    2.92290
  191.00    2.98650
  192.00    2.99382
  193.00    2.96085
  194.00    3.02337
  195.00    3.02885
  196.00    3.00285
  197.00    3.05504
  198.00    3.05916
  199.00    3.04099
  200.00    3.07854
  201.00    3.09124
  202.00    3.08203
  203.00    3.10407
  204.00    3.11055
  205.00    3.08007
  206.00    3.13736
  207.00    3.14989
  208.00    3.13097
  209.00    3.15824
  210.00    3.15954
  211.00    3.11715
  212.00    3.18734
  213.00    3.20135
  214.00    3.17265
  215.00    3.20620
  216.00    3.20733
  217.00    3.15674
  218.00    3.22766
  219.00    3.23666
  220.00    3.16860
  221.00    3.27137
  222.00    3.27036
  223.00    3.20862
  224.00    3.30023
  225.00    3.30822
  226.00    3.26512
  227.00    3.32742
  228.00    3.33871
  229.00    3.32210
  230.00    3.35373
  231.00    3.35444
  232.00    3.30274
  233.00    3.38028
  234.00    3.39239
  235.00    3.36352
  236.00    3.39794
  237.00    3.37549
  238.00    3.31618
  239.00    3.42823
  240.00    3.43016
  241.00    3.39516
  242.00    3.43292
  243.00    3.43357
  244.00    3.37538
  245.00    3.46954
  246.00    3.47408
  247.00    3.43259
  248.00    3.47765
  249.00    3.45318
  250.00    3.38226
  251.00    3.50756
  252.00    3.50828
  253.00    3.45957
  254.00    3.53545
  255.00    3.53940
  256.00    3.50248
  257.00    3.53844
  258.00    3.54181
  259.00    3.49131
  260.00    3.57558
  261.00    3.57899
  262.00    3.53476
  263.00    3.57665
  264.00    3.55346
  265.00    3.49219
  266.00    3.60466
  267.00    3.60865
  268.00    3.56503
  269.00    3.60333
  270.00    3.58252
  271.00    3.51942
  272.00    3.63188
  273.00    3.63453
  274.00    3.59258
  275.00    3.60318
  276.00    3.63011
  277.00    3.58694
  278.00    3.66727
  279.00    3.67208
  280.00    3.62944
  281.00    3.66922
  282.00    3.64647
  283.00    3.59648
  284.00    3.69962
  285.00    3.70297
  286.00    3.65432
  287.00    3.73260
  288.00    3.73660
  289.00    3.70157
  290.00    3.73550
  291.00    3.73725
  292.00    3.69742
  293.00    3.77566
  294.00    3.77477
  295.00    3.73789
  296.00    3.76845
  297.00    3.77057
  298.00    3.73382
  299.00    3.80657
  300.00    3.80508
  301.00    3.76558
  302.00    3.80308
  303.00    3.80231
  304.00    3.76454
  305.00    3.83991
  306.00    3.84209
  307.00    3.80110
  308.00    3.83942
  309.00    3.83698
  310.00    3.80212
  311.00    3.87133
  312.00    3.87219
  313.00    3.83217
  314.00    3.86656
  315.00    3.86644
  316.00    3.83483
  317.00    3.90154
  318.00    3.90399
  319.00    3.86463
  320.00    3.90507
  321.00    3.90113
  322.00    3.86069
  323.00    3.93182
  324.00    3.93668
  325.00    3.90058
  326.00    3.93359
  327.00    3.93582
  328.00    3.89975
  329.00    3.96994
  330.00    3.97102
  331.00    3.93568
  332.00    3.97307
  333.00    3.97238
  334.00    3.93362
  335.00    4.00582
  336.00    4.00677
  337.00    3.96953
  338.00    4.00566
  339.00    4.00614
  340.00    3.96623
  341.00    4.03799
  342.00    4.04165
  343.00    4.00194
  344.00    4.03687
  345.00    4.03849
  346.00    3.99801
  347.00    4.06831
  348.00    4.07169
  349.00    4.03370
  350.00    4.07262
  351.00    4.06612
  352.00    4.02939
  353.00    4.09763
  354.00    4.09928
  355.00    4.06030
  356.00    4.09836
  357.00    4.09245
  358.00    4.05356
  359.00    4.12415
  360.00    4.12756
  361.00    4.09003
  362.00    4.12921
  363.00    4.12630
  364.00    4.08378
  365.00    4.15697
  366.00    4.15765
  367.00    4.11608
  368.00    4.15802
  369.00    4.14887
  370.00    4.11055
  371.00    4.18052
  372.00    4.18301
  373.00    4.14183
  374.00    4.17901
  375.00    4.21136
  376.00    4.18629
  377.00    4.18397
  378.00    4.21430
  379.00    4.19081
  380.00    4.19910
  381.00    4.21773
  382.00    4.18288
  383.00    4.22261
  384.00    4.25185
  385.00    4.22048
  386.00    4.22179
  387.00    4.25161
  388.00    4.21474
  389.00    4.28219
  390.00    4.27148
  391.00    4.22311
  392.00    4.27501
  393.00    4.30778
  394.00    4.28411
  395.00    4.28202
  396.00    4.31230
  397.00    4.28583
  398.00    4.28919
  399.00    4.31578
  400.00    4.27508
  401.00    4.34829
  402.00    4.32985
  403.00    4.28113
  404.00    4.37167
  405.00    4.36860
  406.00    4.33274
  407.00    4.33460
  408.00    4.36230
  409.00    4.33316
  410.00    4.33010
  411.00    4.36361
  412.00    4.32363
  413.00    4.40099
  414.00    4.38211
  415.00    4.33215
  416.00    4.41844
  417.00    4.41864
  418.00    4.39041
  419.00    4.42408
  420.00    4.39862
  421.00    4.35656
  422.00    4.44229
  423.00    4.44198
  424.00    4.40690
  425.00    4.40592
  426.00    4.43295
  427.00    4.40922
  428.00    4.40546
  429.00    4.43135
  430.00    4.40446
  431.00    4.44657
  432.00    4.44693
  433.00    4.38849
  434.00    4.47229
  435.00    4.45651
  436.00    4.40419
  437.00    4.49442
  438.00    4.48751
  439.00    4.45434
  440.00    4.45786
  441.00    4.47415
  442.00    4.45112
  443.00    4.45084
  444.00    4.48478
  445.00    4.44364
  446.00    4.51331
  447.00    4.49869
  448.00    4.44495
  449.00    4.53056
  450.00    4.53087
  451.00    4.49591
  452.00    4.49855
  453.00    4.51624
  454.00    4.49582
  455.00    4.49450
  456.00    4.52768
  457.00    4.48875
  458.00    4.55642
  459.00    4.53858
  460.00    4.49049
  461.00    4.54455
  462.00    4.57657
  463.00    4.56313
  464.00    4.55794
  465.00    4.57919
  466.00    4.55286
  467.00    4.55679
  468.00    4.58128
  469.00    4.54704
  470.00    4.55862
  471.00    4.58534
  472.00    4.52981
  473.00    4.62220
  474.00    4.60277
  475.00    4.54838
  476.00    4.64008
  477.00    4.63814
  478.00    4.60050
  479.00    4.65251
  480.00    4.65609
  481.00    4.62359
  482.00    4.64219
  483.00    4.67318
  484.00    4.66134
  485.00    4.67575
  486.00    4.67764
  487.00    4.65270
  488.00    4.64410
  489.00    4.67759
  490.00    4.64747
  491.00    4.64324
  492.00    4.68381
  493.00    4.63957
  494.00    4.67810
  495.00    4.71098
  496.00    4.68157
  497.00    4.72245
  498.00    4.70486
  499.00    4.64752
  500.00    4.71405
  501.00    4.74034
  502.00    4.71324
  503.00    4.70766
  504.00    4.73811
  505.00    4.70405
  506.00    4.71573
  507.00    4.74202
  508.00    4.68812
  509.00    4.76871
  510.00    4.77064
  511.00    4.72760
  512.00    4.76507
  513.00    4.78791
  514.00    4.77135
  515.00    4.79839
  516.00    4.79391
  517.00    4.76068
  518.00    4.80285
  519.00    4.78863
  520.00    4.74886
  521.00    4.79260
  522.00    4.82093
  523.00    4.79089
  524.00    4.82556
  525.00    4.80971
  526.00    4.77893
  527.00    4.81336
  528.00    4.81278
  529.00    4.76671
  530.00    4.84183
  531.00    4.84348
  532.00    4.79858
  533.00    4.83844
  534.00    4.86538
  535.00    4.83791
  536.00    4.87168
  537.00    4.85991
  538.00    4.82393
  539.00    4.86752
  540.00    4.84478
  541.00    4.80522
  542.00    4.85561
  543.00    4.88681
  544.00    4.86158
  545.00    4.89510
  546.00    4.88939
  547.00    4.84315
  548.00    4.88918
  549.00    4.91696
  550.00    4.88922
  551.00    4.91725
  552.00    4.90914
  553.00    4.87335
  554.00    4.91274
  555.00    4.94082
  556.00    4.91197
  557.00    4.93971
  558.00    4.93281
  559.00    4.90026
  560.00    4.93655
  561.00    4.96792
  562.00    4.93545
  563.00    4.96897
  564.00    4.95844
  565.00    4.92390
  566.00    4.95972
  567.00    4.98964
  568.00    4.96079
  569.00    4.98598
  570.00    4.98430
  571.00    4.94863
  572.00    4.98877
  573.00    5.01658
  574.00    4.97901
  575.00    5.00166
  576.00    5.02835
  577.00    5.01107
  578.00    5.00601
  579.00    5.03199
  580.00    5.00430
  581.00    5.03828
  582.00    5.02203
  583.00    4.98777
  584.00    5.02844
  585.00    5.05395
  586.00    5.02305
  587.00    5.05351
  588.00    5.04604
  589.00    5.00968
  590.00    5.05370
  591.00    5.08027
  592.00    5.04295
  593.00    5.06646
  594.00    5.09749
  595.00    5.07550
  596.00    5.06897
  597.00    5.09538
  598.00    5.07283
  599.00    5.09818
  600.00    5.08435
  601.00    5.05442
  602.00    5.09017
  603.00    5.08602
  604.00    5.03984
  605.00    5.08793
  606.00    5.11416
  607.00    5.08181
  608.00    5.11631
  609.00    5.10756
  610.00    5.06530
  611.00    5.11099
  612.00    5.13214
  613.00    5.10813
  614.00    5.14665
  615.00    5.13522
  616.00    5.09427
  617.00    5.14078
  618.00    5.16556
  619.00    5.13401
  620.00    5.17161
  621.00    5.15580
  622.00    5.12289
  623.00    5.16321
  624.00    5.18584
  625.00    5.15136
  626.00    5.17416
  627.00    5.20309
  628.00    5.18680
  629.00    5.17788
  630.00    5.20259
  631.00    5.18153
  632.00    5.21356
  633.00    5.19793
  634.00    5.16246
  635.00    5.20094
  636.00    5.23006
  637.00    5.19969
  638.00    5.23754
  639.00    5.22269
  640.00    5.18699
  641.00    5.22680
  642.00    5.25493
  643.00    5.21833
  644.00    5.24101
  645.00    5.27263
  646.00    5.25363
  647.00    5.24968
  648.00    5.27203
  649.00    5.25059
  650.00    5.27566
  651.00    5.26481
  652.00    5.23119
  653.00    5.26810
  654.00    5.29626
  655.00    5.26720
  656.00    5.30412
  657.00    5.29074
  658.00    5.25360
  659.00    5.29427
  660.00    5.32114
  661.00    5.29303
  662.00    5.29166
  663.00    5.31756
  664.00    5.29007
  665.00    5.33212
  666.00    5.31830
  667.00    5.27425
  668.00    5.31572
  669.00    5.34478
  670.00    5.31570
  671.00    5.35513
  672.00    5.33986
  673.00    5.30119
  674.00    5.34265
  675.00    5.36804
  676.00    5.33778
  677.00    5.37083
  678.00    5.35793
  679.00    5.32797
  680.00    5.36134
  681.00    5.35158
  682.00    5.31205
  683.00    5.35639
  684.00    5.38185
  685.00    5.34889
  686.00    5.38077
  687.00    5.37391
  688.00    5.33450
  689.00    5.38091
  690.00    5.40443
  691.00    5.37127
  692.00    5.40951
  693.00    5.39439
  694.00    5.35989
  695.00    5.39993
  696.00    5.42381
  697.00    5.39285
  698.00    5.42759
  699.00    5.41436
  700.00    5.38318
  701.00    5.42130
  702.00    5.41417
  703.00    5.36531
  704.00    5.41356
  705.00    5.44258
  706.00    5.40971
  707.00    5.45028
  708.00    5.43674
  709.00    5.39593
  710.00    5.44394
  711.00    5.46825
  712.00    5.43443
  713.00    5.47061
  714.00    5.45769
  715.00    5.42243
  716.00    5.46463
  717.00    5.48985
  718.00    5.45279
  719.00    5.47882
  720.00    5.50668
  721.00    5.49051
  722.00    5.48454
  723.00    5.50947
  724.00    5.48377
  725.00    5.51867
  726.00    5.50485
  727.00    5.46598
  728.00    5.50769
  729.00    5.53232
  730.00    5.50117
  731.00    5.53560
  732.00    5.52142
  733.00    5.48923
  734.00    5.52802
  735.00    5.55185
  736.00    5.51978
  737.00    5.52013
  738.00    5.54479
  739.00    5.51853
  740.00    5.55193
  741.00    5.54259
  742.00    5.50083
  743.00    5.54614
  744.00    5.56750
  745.00    5.53977
  746.00    5.57965
  747.00    5.56058
  748.00    5.52543
  749.00    5.57474
  750.00    5.59879
  751.00    5.57068
  752.00    5.60577
  753.00    5.58272
  754.00    5.53156
  755.00    5.59578
  756.00    5.61904
  757.00    5.60183
  758.00    5.62784
  759.00    5.62056
  760.00    5.58671
  761.00    5.62647
  762.00    5.60011
  763.00    5.54312
  764.00    5.62063
  765.00    5.64692
  766.00    5.62200
  767.00    5.65800
  768.00    5.63909
  769.00    5.59697
  770.00    5.64752
  771.00    5.67471
  772.00    5.65403
  773.00    5.68332
  774.00    5.66963
  775.00    5.63007
  776.00    5.67182
  777.00    5.69477
  778.00    5.67859
  779.00    5.67224
  780.00    5.69913
  781.00    5.66446
  782.00    5.70057
  783.00    5.68939
  784.00    5.63816
  785.00    5.68891
  786.00    5.71719
  787.00    5.69222
  788.00    5.72780
  789.00    5.71323
  790.00    5.67176
  791.00    5.71667
  792.00    5.74215
  793.00    5.72122
  794.00    5.74988
  795.00    5.73804
  796.00    5.70199
  797.00    5.74084
  798.00    5.72150
  799.00    5.67216
  800.00    5.74031
  801.00    5.76111
  802.00    5.72854
  803.00    5.76099
  804.00    5.75444
  805.00    5.70105
  806.00    5.75243
  807.00    5.77680
  808.00    5.75380
  809.00    5.78969
  810.00    5.77416
  811.00    5.73404
  812.00    5.78178
  813.00    5.80402
  814.00    5.78438
  815.00    5.81157
  816.00    5.80418
  817.00    5.76359
  818.00    5.80066
  819.00    5.78784
  820.00    5.73445
  821.00    5.79020
  822.00    5.81837
  823.00    5.78936
  824.00    5.82071
  825.00    5.81131
  826.00    5.76740
  827.00    5.81430
  828.00    5.84028
  829.00    5.80662
  830.00    5.84202
  831.00    5.82635
  832.00    5.78878
  833.00    5.83922
  834.00    5.86182
  835.00    5.84446
  836.00    5.87440
  837.00    5.85648
  838.00    5.82366
  839.00    5.85786
  840.00    5.84382
  841.00    5.79504
  842.00    5.85752
  843.00    5.87671
  844.00    5.84270
  845.00    5.87847
  846.00    5.86458
  847.00    5.81813
  848.00    5.86655
  849.00    5.85168
  850.00    5.78938
  851.00    5.90326
  852.00    5.88915
  853.00    5.83888
  854.00    5.89210
  855.00    5.91404
  856.00    5.88743
  857.00    5.92292
  858.00    5.91027
  859.00    5.86182
  860.00    5.90516
  861.00    5.89165
  862.00    5.83484
  863.00    5.93208
  864.00    5.91895
  865.00    5.87258
  866.00    5.92928
  867.00    5.94825
  868.00    5.91714
  869.00    5.94607
  870.00    5.93225
  871.00    5.89672
  872.00    5.94068
  873.00    5.92271
  874.00    5.87170
  875.00    5.94229
  876.00    5.96132
  877.00    5.92650
  878.00    5.96626
  879.00    5.95145
  880.00    5.90306
  881.00    5.95121
  882.00    5.93822
  883.00    5.87853
  884.00    5.97806
  885.00    5.96647
  886.00    5.91757
  887.00    5.97780
  888.00    5.99410
  889.00    5.96408
  890.00    5.99688
  891.00    5.98354
  892.00    5.94323
  893.00    5.98712
  894.00    5.97117
  895.00    5.91770
  896.00    6.02142
  897.00    6.00975
  898.00    5.96103
  899.00    6.01323
  900.00    6.03361
  901.00    6.00814
  902.00    6.03631
  903.00    6.02040
  904.00    5.98087
  905.00    6.02336
  906.00    6.00888
  907.00    5.95661
  908.00    6.01904
  909.00    6.03993
  910.00    5.99801
  911.00    6.04028
  912.00    6.02372
  913.00    5.97798
  914.00    6.02947
  915.00    6.01269
  916.00    5.95795
  917.00    6.06898
  918.00    6.05522
  919.00    6.00038
  920.00    6.06446
  921.00    6.08412
  922.00    6.05250
  923.00    6.09173
  924.00    6.07218
  925.00    6.02512
  926.00    6.08771
  927.00    6.10959
  928.00    6.07967
  929.00    6.11394
  930.00    6.09986
  931.00    6.05266
  932.00    6.09731
  933.00    6.07982
  934.00    6.02726
  935.00    6.10405
  936.00    6.12159
  937.00    6.07794
  938.00    6.12109
  939.00    6.10535
  940.00    6.05119
  941.00    6.12769
  942.00    6.14696
  943.00    6.10221
  944.00    6.14347
  945.00    6.13273
  946.00    6.08037
  947.00    6.12699
  948.00    6.11174
  949.00    6.05518
  950.00    6.16933
  951.00    6.15512
  952.00    6.10041
  953.00    6.16633
  954.00    6.18643
  955.00    6.15535
  956.00    6.19570
  957.00    6.17850
  958.00    6.12862
  959.00    6.19229
  960.00    6.21362
  961.00    6.18423
  962.00    6.21831
  963.00    6.20378
  964.00    6.15792
  965.00    6.20156
  966.00    6.18302
  967.00    6.12906
  968.00    6.23819
  969.00    6.22717
  970.00    6.17608
  971.00    6.22180
  972.00    6.20478
  973.00    6.15256
  974.00    6.22951
  975.00    6.24825
  976.00    6.20382
  977.00    6.24917
  978.00    6.23442
  979.00    6.18006
  980.00    6.25410
  981.00    6.27430
  982.00    6.23291
  983.00    6.27734
  984.00    6.26019
  985.00    6.20887
  986.00    6.27817
  987.00    6.29919
  988.00    6.25980
  989.00    6.30034
  990.00    6.27889
  991.00    6.23518
  992.00    6.28486
  993.00    6.30523
  994.00    6.26773
  995.00    6.31122
  996.00    6.29389
  997.00    6.24793
  998.00    6.31438
  999.00    6.33532
 1000.00    6.29876
 1001.00    6.33864
 1002.00    6.32429
 1003.00    6.27848
 1004.00    6.32259
 1005.00    6.30719
 1006.00    6.25009
 1007.00    6.35998
 1008.00    6.34947
 1009.00    6.29708
 1010.00    6.34343
 1011.00    6.32704
 1012.00    6.27288
 1013.00    6.32169
 1014.00    6.31044
 1015.00    6.24785
 1016.00    6.35658
 1017.00    6.34506
 1018.00    6.28932
 1019.00    6.36184
 1020.00    6.38029
 1021.00    6.33993
 1022.00    6.38037
 1023.00    6.36680
 1024.00    6.31751
 1025.00    6.36814
 1026.00    6.35123
 1027.00    6.29381
 1028.00    6.40853
 1029.00    6.39645
 1030.00    6.33848
 1031.00    6.40001
 1032.00    6.41886
 1033.00    6.38112
 1034.00    6.42012
 1035.00    6.40170
 1036.00    6.35471
 1037.00    6.42147
 1038.00    6.44112
 1039.00    6.40658
 1040.00    6.44388
 1041.00    6.42511
 1042.00    6.37837
 1043.00    6.44255
 1044.00    6.46548
 1045.00    6.43228
 1046.00    6.46922
 1047.00    6.45390
 1048.00    6.40672
 1049.00    6.44888
 1050.00    6.43504
 1051.00    6.38113
 1052.00    6.45059
 1053.00    6.46803
 1054.00    6.42208
 1055.00    6.46790
 1056.00    6.45154
 1057.00    6.40025
 1058.00    6.47770
 1059.00    6.49741
 1060.00    6.45204
 1061.00    6.49452
 1062.00    6.47924
 1063.00    6.42845
 1064.00    6.47751
 1065.00    6.46300
 1066.00    6.40425
 1067.00    6.50991
 1068.00    6.49507
 1069.00    6.44028
 1070.00    6.51271
 1071.00    6.53190
 1072.00    6.48927
 1073.00    6.52942
 1074.00    6.51124
 1075.00    6.46270
 1076.00    6.52863
 1077.00    6.55269
 1078.00    6.51757
 1079.00    6.55478
 1080.00    6.53777
 1081.00    6.49072
 1082.00    6.53811
 1083.00    6.52013
 1084.00    6.46497
 1085.00    6.54847
 1086.00    6.56554
 1087.00    6.51785
 1088.00    6.56719
 1089.00    6.55118
 1090.00    6.49240
 1091.00    6.57126
 1092.00    6.59369
 1093.00    6.54593
 1094.00    6.59209
 1095.00    6.57582
 1096.00    6.51946
 1097.00    6.59674
 1098.00    6.61953
 1099.00    6.57253
 1100.00    6.61713
 1101.00    6.60294
 1102.00    6.54941
 1103.00    6.59586
 1104.00    6.57986
 1105.00    6.51999
 1106.00    6.63645
 1107.00    6.62722
 1108.00    6.56618
 1109.00    6.61442
 1110.00    6.60012
 1111.00    6.53858
 1112.00    6.65311
 1113.00    6.64399
 1114.00    6.58482
 1115.00    6.63612
 1116.00    6.61671
 1117.00    6.55748
 1118.00    6.64383
 1119.00    6.66491
 1120.00    6.61340
 1121.00    6.65894
 1122.00    6.64209
 1123.00    6.58242
 1124.00    6.66653
 1125.00    6.68715
 1126.00    6.64037
 1127.00    6.68698
 1128.00    6.67085
 1129.00    6.61356
 1130.00    6.69248
 1131.00    6.71340
 1132.00    6.66624
 1133.00    6.70848
 1134.00    6.69074
 1135.00    6.64026
 1136.00    6.68691
 1137.00    6.67196
 1138.00    6.60854
 1139.00    6.73011
 1140.00    6.71827
 1141.00    6.65715
 1142.00    6.70462
 1143.00    6.69027
 1144.00    6.63007
 1145.00    6.74393
 1146.00    6.73557
 1147.00    6.67539
 1148.00    6.72189
 1149.00    6.70850
 1150.00    6.64811
 1151.00    6.75505
 1152.00    6.75122
 1153.00    6.69351
 1154.00    6.73782
 1155.00    6.72301
 1156.00    6.66242
 1157.00    6.74659
 1158.00    6.76826
 1159.00    6.71667
 1160.00    6.76219
 1161.00    6.74563
 1162.00    6.69016
 1163.00    6.73842
 1164.00    6.72199
 1165.00    6.65982
 1166.00    6.78118
 1167.00    6.77123
 1168.00    6.70607
 1169.00    6.75399
 1170.00    6.73941
 1171.00    6.67586
 1172.00    6.79357
 1173.00    6.78746
 1174.00    6.72369
 1175.00    6.77221
 1176.00    6.75831
 1177.00    6.69506
 1178.00    6.81036
 1179.00    6.80387
 1180.00    6.74013
 1181.00    6.80812
 1182.00    6.82778
 1183.00    6.78450
 1184.00    6.82185
 1185.00    6.80832
 1186.00    6.75321
 1187.00    6.79666
 1188.00    6.78500
 1189.00    6.72566
 1190.00    6.82768
 1191.00    6.81985
 1192.00    6.75718
 1193.00    6.82734
 1194.00    6.84667
 1195.00    6.80349
 1196.00    6.84146
 1197.00    6.82786
 1198.00    6.77690
 1199.00    6.82182
 1200.00    6.80588
 1201.00    6.74904
 1202.00    6.83153
 1203.00    6.84846
 1204.00    6.79800
 1205.00    6.84217
 1206.00    6.82859
 1207.00    6.77202
 1208.00    6.84807
 1209.00    6.86885
 1210.00    6.82401
 1211.00    6.86472
 1212.00    6.85271
 1213.00    6.79516
 1214.00    6.86225
 1215.00    6.88346
 1216.00    6.83354
 1217.00    6.87501
 1218.00    6.86112
 1219.00    6.81287
 1220.00    6.85969
 1221.00    6.84385
 1222.00    6.78646
 1223.00    6.89536
 1224.00    6.88660
 1225.00    6.82926
 1226.00    6.87642
 1227.00    6.86096
 1228.00    6.80160
 1229.00    6.90805
 1230.00    6.90080
 1231.00    6.84580
 1232.00    6.89018
 1233.00    6.87741
 1234.00    6.82084
 1235.00    6.92022
 1236.00    6.91356
 1237.00    6.86128
 1238.00    6.90416
 1239.00    6.88845
 1240.00    6.83662
 1241.00    6.90602
 1242.00    6.92822
 1243.00    6.88334
 1244.00    6.92343
 1245.00    6.90948
 1246.00    6.85811
 1247.00    6.90214
 1248.00    6.88926
 1249.00    6.82968
 1250.00    6.93655
 1251.00    6.92789
 1252.00    6.87192
 1253.00    6.91400
 1254.00    6.90245
 1255.00    6.84377
 1256.00    6.94605
 1257.00    6.94125
 1258.00    6.88474
 1259.00    6.93957
 1260.00    6.96037
 1261.00    6.92547
 1262.00    6.95930
 1263.00    6.94432
 1264.00    6.90095
 1265.00    6.94034
 1266.00    6.92586
 1267.00    6.87523
 1268.00    6.96818
 1269.00    6.96399
 1270.00    6.91388
 1271.00    6.95391
 1272.00    6.94145
 1273.00    6.88959
 1274.00    6.98024
 1275.00    6.97561
 1276.00    6.92684
 1277.00    6.96588
 1278.00    6.95189
 1279.00    6.90214
 1280.00    6.96459
 1281.00    6.98450
 1282.00    6.94806
 1283.00    6.98318
 1284.00    6.96868
 1285.00    6.92065
 1286.00    6.98111
 1287.00    7.00443
 1288.00    6.96788
 1289.00    7.00152
 1290.00    6.98729
 1291.00    6.94315
 1292.00    6.98318
 1293.00    6.96935
 1294.00    6.91506
 1295.00    7.01029
 1296.00    7.00663
 1297.00    6.95446
 1298.00    7.00139
 1299.00    7.02287
 1300.00    6.99269
 1301.00    7.02372
 1302.00    7.00907
 1303.00    6.96832
 1304.00    7.00454
 1305.00    6.99321
 1306.00    6.94216
 1307.00    7.03426
 1308.00    7.02497
 1309.00    6.97976
 1310.00    7.01771
 1311.00    7.00412
 1312.00    6.95240
 1313.00    7.04280
 1314.00    7.03757
 1315.00    6.99517
 1316.00    7.03300
 1317.00    7.01965
 1318.00    6.97250
 1319.00    7.05553
 1320.00    7.05013
 1321.00    7.01164
 1322.00    7.04694
 1323.00    7.03210
 1324.00    6.98878
 1325.00    7.04214
 1326.00    7.06359
 1327.00    7.03529
 1328.00    7.06765
 1329.00    7.05248
 1330.00    7.01219
 1331.00    7.04917
 1332.00    7.03683
 1333.00    6.98240
 1334.00    7.07736
 1335.00    7.06818
 1336.00    7.02406
 1337.00    7.06458
 1338.00    7.04850
 1339.00    7.00045
 1340.00    7.08925
 1341.00    7.08339
 1342.00    7.04017
 1343.00    7.07574
 1344.00    7.06202
 1345.00    7.01646
 1346.00    7.09613
 1347.00    7.09097
 1348.00    7.05393
 1349.00    7.08848
 1350.00    7.07600
 1351.00    7.02940
 1352.00    7.10551
 1353.00    7.10372
 1354.00    7.06726
 1355.00    7.09999
 1356.00    7.08744
 1357.00    7.04491
 1358.00    7.08373
 1359.00    7.06972
 1360.00    7.01757
 1361.00    7.11252
 1362.00    7.10503
 1363.00    7.05610
 1364.00    7.10237
 1365.00    7.12291
 1366.00    7.10686
 1367.00    7.12935
 1368.00    7.11744
 1369.00    7.08090
 1370.00    7.11595
 1371.00    7.10201
 1372.00    7.05318
 1373.00    7.14221
 1374.00    7.13138
 1375.00    7.09417
 1376.00    7.13048
 1377.00    7.11416
 1378.00    7.07042
 1379.00    7.15245
 1380.00    7.14682
 1381.00    7.10575
 1382.00    7.13965
 1383.00    7.12626
 1384.00    7.08229
 1385.00    7.08073
 1386.00    7.06518
 1387.00    7.08933
 1388.00    7.12049
 1389.00    7.10804
 1390.00    7.06742
 1391.00    7.11513
 1392.00    7.09835
 1393.00    7.04516
 1394.00    7.14242
 1395.00    7.12752
 1396.00    7.08510
 1397.00    7.12748
 1398.00    7.11670
 1399.00    7.06027
 1400.00    7.14366
 1401.00    7.13223
 1402.00    7.09280
 1403.00    7.13224
 1404.00    7.11601
 1405.00    7.06966
 1406.00    7.15434
 1407.00    7.14105
 1408.00    7.10857
 1409.00    7.14661
 1410.00    7.13101
 1411.00    7.08386
 1412.00    7.16875
 1413.00    7.15718
 1414.00    7.12398
 1415.00    7.15443
 1416.00    7.14303
 1417.00    7.09880
 1418.00    7.17598
 1419.00    7.16571
 1420.00    7.13367
 1421.00    7.16341
 1422.00    7.14809
 1423.00    7.10816
 1424.00    7.14633
 1425.00    7.13319
 1426.00    7.08093
 1427.00    7.16906
 1428.00    7.16101
 1429.00    7.12088
 1430.00    7.16012
 1431.00    7.14416
 1432.00    7.09388
 1433.00    7.18357
 1434.00    7.17013
 1435.00    7.13547
 1436.00    7.16916
 1437.00    7.15628
 1438.00    7.10965
 1439.00    7.19076
 1440.00    7.18214
 1441.00    7.14516
 1442.00    7.17652
 1443.00    7.16296
 1444.00    7.12065
 1445.00    7.16447
 1446.00    7.14878
 1447.00    7.09413
 1448.00    7.18852
 1449.00    7.17637
 1450.00    7.13702
 1451.00    7.17605
 1452.00    7.16343
 1453.00    7.10823
 1454.00    7.19974
 1455.00    7.18729
 1456.00    7.14977
 1457.00    7.18430
 1458.00    7.17027
 1459.00    7.12050
 1460.00    7.20798
 1461.00    7.19608
 1462.00    7.16012
 1463.00    7.19572
 1464.00    7.18231
 1465.00    7.13176
 1466.00    7.21716
 1467.00    7.20479
 1468.00    7.17169
 1469.00    7.20094
 1470.00    7.19579
 1471.00    7.14323
 1472.00    7.21678
 1473.00    7.20692
 1474.00    7.17378
 1475.00    7.21007
 1476.00    7.22711
 1477.00    7.21100
 1478.00    7.23129
 1479.00    7.21460
 1480.00    7.18394
 1481.00    7.22244
 1482.00    7.23761
 1483.00    7.22548
 1484.00    7.23923
 1485.00    7.23191
 1486.00    7.20127
 1487.00    7.22917
 1488.00    7.21534
 1489.00    7.17734
 1490.00    7.24753
 1491.00    7.23915
 1492.00    7.21194
 1493.00    7.23991
 1494.00    7.22627
 1495.00    7.18659
 1496.00    7.25628
 1497.00    7.24656
