    1.00    0.00000
    2.00    0.16935
    3.00    0.15394
    4.00    0.17942
    5.00    0.26628
    6.00    0.26959
    7.00    0.08541
    8.00    0.39026
    9.00    0.38999
   10.00    0.16262
   11.00    0.51391
   12.00    0.50989
   13.00    0.26748
   14.00    0.63818
   15.00    0.62879
   16.00    0.38066
   17.00    0.75707
   18.00    0.74523
   19.00    0.49649
   20.00    0.87628
   21.00    0.85718
   22.00    0.59706
   23.00    0.99895
   24.00    0.98770
   25.00    0.71473
   26.00    1.10198
   27.00    1.09671
   28.00    0.83916
   29.00    1.19150
   30.00    1.18941
   31.00    0.94230
   32.00    1.26814
   33.00    1.26301
   34.00    1.04164
   35.00    1.32867
   36.00    1.32310
   37.00    1.13477
   38.00    1.37797
   39.00    1.37284
   40.00    1.21104
   41.00    1.42183
   42.00    1.41848
   43.00    1.26706
   44.00    1.46202
   45.00    1.46188
   46.00    1.32508
   47.00    1.49990
   48.00    1.50038
   49.00    1.36864
   50.00    1.53972
   51.00    1.53631
   52.00    1.41291
   53.00    1.56557
   54.00    1.56846
   55.00    1.47188
   56.00    1.59355
   57.00    1.59026
   58.00    1.50659
   59.00    1.63171
   60.00    1.61607
   61.00    1.52660
   62.00    1.66528
   63.00    1.65076
   64.00    1.56326
   65.00    1.69651
   66.00    1.68088
   67.00    1.59952
   68.00    1.72609
   69.00    1.71016
   70.00    1.62941
   71.00    1.75385
   72.00    1.73998
   73.00    1.65835
   74.00    1.78226
   75.00    1.76467
   76.00    1.68830
   77.00    1.81055
   78.00    1.79257
   79.00    1.71790
   80.00    1.84087
   81.00    1.82061
   82.00    1.75023
   83.00    1.86692
   84.00    1.84950
   85.00    1.78687
   86.00    1.89604
   87.00    1.87777
   88.00    1.81149
   89.00    1.92296
   90.00    1.90552
   91.00    1.84670
   92.00    1.95173
   93.00    1.93338
   94.00    1.87296
   95.00    1.97933
   96.00    1.96099
   97.00    1.90501
   98.00    2.00793
   99.00    1.98941
  100.00    1.93115
  101.00    2.03542
  102.00    2.01702
  103.00    1.95703
  104.00    2.06298
  105.00    2.04549
  106.00    1.98667
  107.00    2.09160
  108.00    2.07329
  109.00    2.01628
  110.00    2.11926
  111.00    2.10061
  112.00    2.04653
  113.00    2.14775
  114.00    2.12838
  115.00    2.07387
  116.00    2.17414
  117.00    2.15551
  118.00    2.10401
  119.00    2.20063
  120.00    2.18189
  121.00    2.12595
  122.00    2.22694
  123.00    2.20796
  124.00    2.15396
  125.00    2.25355
  126.00    2.23436
  127.00    2.17913
  128.00    2.28032
  129.00    2.25995
  130.00    2.20700
  131.00    2.30578
  132.00    2.28611
  133.00    2.24053
  134.00    2.33107
  135.00    2.31116
  136.00    2.26188
  137.00    2.35562
  138.00    2.33591
  139.00    2.29364
  140.00    2.38065
  141.00    2.36057
  142.00    2.31937
  143.00    2.40501
  144.00    2.38492
  145.00    2.34259
  146.00    2.42903
  147.00    2.40905
  148.00    2.36771
  149.00    2.45304
  150.00    2.43363
  151.00    2.38756
  152.00    2.45825
  153.00    2.45951
  154.00    2.43100
  155.00    2.47013
  156.00    2.47203
  157.00    2.44718
  158.00    2.49511
  159.00    2.47825
  160.00    2.44126
  161.00    2.51396
  162.00    2.52202
  163.00    2.49994
  164.00    2.50337
  165.00    2.50043
  166.00    2.44669
  167.00    2.51445
  168.00    2.51189
  169.00    2.47467
  170.00    2.52970
  171.00    2.52559
  172.00    2.49189
  173.00    2.54450
  174.00    2.54010
  175.00    2.50788
  176.00    2.55828
  177.00    2.55465
  178.00    2.52488
  179.00    2.57196
  180.00    2.56706
  181.00    2.53984
  182.00    2.58449
  183.00    2.58018
  184.00    2.55478
  185.00    2.62207
  186.00    2.62792
  187.00    2.53875
  188.00    2.64070
  189.00    2.64401
  190.00    2.61144
  191.00    2.66345
  192.00    2.66903
  193.00    2.63714
  194.00    2.68837
  195.00    2.69585
  196.00    2.66147
  197.00    2.71577
  198.00    2.72324
  199.00    2.69230
  200.00    2.74270
  201.00    2.74981
  202.00    2.72444
  203.00    2.76790
  204.00    2.77509
  205.00    2.74704
  206.00    2.79266
  207.00    2.79993
  208.00    2.77830
  209.00    2.79306
  210.00    2.79951
  211.00    2.74463
  212.00    2.82330
  213.00    2.82768
  214.00    2.78740
  215.00    2.85155
  216.00    2.85636
  217.00    2.82005
  218.00    2.88205
  219.00    2.88936
  220.00    2.85764
  221.00    2.91405
  222.00    2.91895
  223.00    2.88638
  224.00    2.94425
  225.00    2.94826
  226.00    2.92196
  227.00    2.97331
  228.00    2.97629
  229.00    2.95560
  230.00    3.00049
  231.00    3.00325
  232.00    2.98300
  233.00    3.02812
  234.00    3.03219
  235.00    3.00992
  236.00    3.05433
  237.00    3.05756
  238.00    3.03722
  239.00    3.07772
  240.00    3.08107
  241.00    3.05712
  242.00    3.10024
  243.00    3.10355
  244.00    3.08230
  245.00    3.11914
  246.00    3.12676
  247.00    3.10433
  248.00    3.14692
  249.00    3.15109
  250.00    3.13055
  251.00    3.17231
  252.00    3.17689
  253.00    3.15812
  254.00    3.19976
  255.00    3.20262
  256.00    3.18530
  257.00    3.22402
  258.00    3.22783
  259.00    3.21240
  260.00    3.24871
  261.00    3.25181
  262.00    3.23937
  263.00    3.24545
  264.00    3.24998
  265.00    3.22445
  266.00    3.27214
  267.00    3.27742
  268.00    3.26074
  269.00    3.30200
  270.00    3.30267
  271.00    3.28509
  272.00    3.32475
  273.00    3.32508
  274.00    3.31663
  275.00    3.32640
  276.00    3.32820
  277.00    3.29918
  278.00    3.34478
  279.00    3.34996
  280.00    3.34189
  281.00    3.35573
  282.00    3.35963
  283.00    3.31990
  284.00    3.37437
  285.00    3.38039
  286.00    3.36548
  287.00    3.40376
  288.00    3.37926
  289.00    3.35370
  290.00    3.41762
  291.00    3.41897
  292.00    3.41899
  293.00    3.42706
  294.00    3.42970
  295.00    3.40460
  296.00    3.44814
  297.00    3.44993
  298.00    3.43635
  299.00    3.47129
  300.00    3.47200
  301.00    3.46276
  302.00    3.47098
  303.00    3.47492
  304.00    3.44532
  305.00    3.49353
  306.00    3.49437
  307.00    3.47985
  308.00    3.51467
  309.00    3.51579
  310.00    3.50219
  311.00    3.51635
  312.00    3.51769
  313.00    3.48115
  314.00    3.54015
  315.00    3.54094
  316.00    3.51028
  317.00    3.55823
  318.00    3.56204
  319.00    3.54397
  320.00    3.57655
  321.00    3.58045
  322.00    3.56796
  323.00    3.58283
  324.00    3.58462
  325.00    3.54741
  326.00    3.60544
  327.00    3.60601
  328.00    3.58024
  329.00    3.62096
  330.00    3.62441
  331.00    3.60296
  332.00    3.63680
  333.00    3.64085
  334.00    3.62522
  335.00    3.64160
  336.00    3.64113
  337.00    3.60038
  338.00    3.66227
  339.00    3.66238
  340.00    3.62971
  341.00    3.67683
  342.00    3.68108
  343.00    3.65943
  344.00    3.69229
  345.00    3.69584
  346.00    3.68050
  347.00    3.69581
  348.00    3.69792
  349.00    3.65929
  350.00    3.71827
  351.00    3.71834
  352.00    3.68885
  353.00    3.72788
  354.00    3.72918
  355.00    3.71596
  356.00    3.72862
  357.00    3.73096
  358.00    3.68709
  359.00    3.75166
  360.00    3.75320
  361.00    3.71988
  362.00    3.76507
  363.00    3.76890
  364.00    3.75706
  365.00    3.76943
  366.00    3.77048
  367.00    3.72700
  368.00    3.79154
  369.00    3.79170
  370.00    3.75934
  371.00    3.80625
  372.00    3.80659
  373.00    3.79178
  374.00    3.80824
  375.00    3.80685
  376.00    3.76493
  377.00    3.82948
  378.00    3.82836
  379.00    3.80027
  380.00    3.84216
  381.00    3.84562
  382.00    3.82606
  383.00    3.84424
  384.00    3.84494
  385.00    3.79923
  386.00    3.86112
  387.00    3.86151
  388.00    3.83152
  389.00    3.87421
  390.00    3.87611
  391.00    3.85535
  392.00    3.88562
  393.00    3.88517
  394.00    3.87559
  395.00    3.89055
  396.00    3.89236
  397.00    3.84913
  398.00    3.91200
  399.00    3.91163
  400.00    3.88406
  401.00    3.92294
  402.00    3.92129
  403.00    3.91568
  404.00    3.92916
  405.00    3.92928
  406.00    3.88896
  407.00    3.94810
  408.00    3.94718
  409.00    3.92105
  410.00    3.95688
  411.00    3.95736
  412.00    3.94743
  413.00    3.95879
  414.00    3.96131
  415.00    3.91919
  416.00    3.98055
  417.00    3.98046
  418.00    3.95863
  419.00    3.98870
  420.00    3.98880
  421.00    3.97743
  422.00    3.98916
  423.00    3.99130
  424.00    3.95008
  425.00    4.01096
  426.00    4.01130
  427.00    3.99063
  428.00    4.01961
  429.00    4.01858
  430.00    4.01093
  431.00    4.02166
  432.00    4.02350
  433.00    3.98486
  434.00    4.04283
  435.00    4.04057
  436.00    4.01447
  437.00    4.05228
  438.00    4.05405
  439.00    4.04105
  440.00    4.05556
  441.00    4.05439
  442.00    4.01991
  443.00    4.07037
  444.00    4.07052
  445.00    4.05166
  446.00    4.08193
  447.00    4.08075
  448.00    4.06764
  449.00    4.08285
  450.00    4.08133
  451.00    4.04412
  452.00    4.09745
  453.00    4.09871
  454.00    4.07054
  455.00    4.10914
  456.00    4.10761
  457.00    4.10242
  458.00    4.11241
  459.00    4.11102
  460.00    4.07815
  461.00    4.13109
  462.00    4.12781
  463.00    4.10327
  464.00    4.14242
  465.00    4.14183
  466.00    4.12650
  467.00    4.14295
  468.00    4.14205
  469.00    4.10601
  470.00    4.15775
  471.00    4.15707
  472.00    4.13196
  473.00    4.16902
  474.00    4.16710
  475.00    4.15696
  476.00    4.14677
  477.00    4.17222
  478.00    4.14340
  479.00    4.19421
  480.00    4.19164
  481.00    4.16886
  482.00    4.20469
  483.00    4.20301
  484.00    4.19514
  485.00    4.20951
  486.00    4.20939
  487.00    4.17596
  488.00    4.22505
  489.00    4.22337
  490.00    4.20109
  491.00    4.23436
  492.00    4.23293
  493.00    4.22262
  494.00    4.21262
  495.00    4.23816
  496.00    4.21094
  497.00    4.25956
  498.00    4.25532
  499.00    4.23465
  500.00    4.26917
  501.00    4.26770
  502.00    4.26018
  503.00    4.27412
  504.00    4.27285
  505.00    4.24309
  506.00    4.28896
  507.00    4.28752
  508.00    4.26486
  509.00    4.29803
  510.00    4.29475
  511.00    4.28838
  512.00    4.27831
  513.00    4.30075
  514.00    4.27692
  515.00    4.32073
  516.00    4.31781
  517.00    4.30098
  518.00    4.33156
  519.00    4.33057
  520.00    4.31922
  521.00    4.30947
  522.00    4.33640
  523.00    4.31108
  524.00    4.35616
  525.00    4.35211
  526.00    4.33780
  527.00    4.36602
  528.00    4.36556
  529.00    4.36021
  530.00    4.34845
  531.00    4.37629
  532.00    4.35263
  533.00    4.39597
  534.00    4.39124
  535.00    4.37920
  536.00    4.39722
  537.00    4.39671
  538.00    4.37438
  539.00    4.41712
  540.00    4.41754
  541.00    4.39913
  542.00    4.42600
  543.00    4.41942
  544.00    4.39446
  545.00    4.44351
  546.00    4.44193
  547.00    4.41364
  548.00    4.43108
  549.00    4.45658
  550.00    4.44233
  551.00    4.44012
  552.00    4.46537
  553.00    4.46143
  554.00    4.45197
  555.00    4.47567
  556.00    4.45078
  557.00    4.49275
  558.00    4.49045
  559.00    4.47439
  560.00    4.46844
  561.00    4.49411
  562.00    4.47720
  563.00    4.51881
  564.00    4.51455
  565.00    4.49120
  566.00    4.50603
  567.00    4.53093
  568.00    4.52067
  569.00    4.51424
  570.00    4.53847
  571.00    4.54012
  572.00    4.52812
  573.00    4.55051
  574.00    4.53289
  575.00    4.54063
  576.00    4.56581
  577.00    4.55598
  578.00    4.54916
  579.00    4.57250
  580.00    4.57644
  581.00    4.56306
  582.00    4.58516
  583.00    4.56615
  584.00    4.60083
  585.00    4.59850
  586.00    4.58254
  587.00    4.57626
  588.00    4.60171
  589.00    4.58653
  590.00    4.62622
  591.00    4.61993
  592.00    4.60228
  593.00    4.61167
  594.00    4.63526
  595.00    4.63241
  596.00    4.62065
  597.00    4.64582
  598.00    4.62351
  599.00    4.66387
  600.00    4.66021
  601.00    4.64231
  602.00    4.64661
  603.00    4.66832
  604.00    4.66975
  605.00    4.65576
  606.00    4.67878
  607.00    4.65866
  608.00    4.66906
  609.00    4.69189
  610.00    4.68725
  611.00    4.67603
  612.00    4.70136
  613.00    4.68477
  614.00    4.69724
  615.00    4.72103
  616.00    4.70115
  617.00    4.73638
  618.00    4.72992
  619.00    4.72439
  620.00    4.71720
  621.00    4.73795
  622.00    4.72271
  623.00    4.76099
  624.00    4.75595
  625.00    4.73627
  626.00    4.74424
  627.00    4.76703
  628.00    4.76667
  629.00    4.75421
  630.00    4.77720
  631.00    4.75800
  632.00    4.79436
  633.00    4.79171
  634.00    4.77822
  635.00    4.76987
  636.00    4.79503
  637.00    4.78398
  638.00    4.82116
  639.00    4.81319
  640.00    4.79204
  641.00    4.80654
  642.00    4.82762
  643.00    4.82283
  644.00    4.81000
  645.00    4.83461
  646.00    4.81977
  647.00    4.82501
  648.00    4.85247
  649.00    4.83974
  650.00    4.83033
  651.00    4.85491
  652.00    4.84200
  653.00    4.85067
  654.00    4.87744
  655.00    4.85807
  656.00    4.86379
  657.00    4.88873
  658.00    4.89033
  659.00    4.87591
  660.00    4.89621
  661.00    4.88455
  662.00    4.89118
  663.00    4.91170
  664.00    4.90488
  665.00    4.89257
  666.00    4.91816
  667.00    4.90432
  668.00    4.91426
  669.00    4.93746
  670.00    4.92121
  671.00    4.91265
  672.00    4.93690
  673.00    4.92608
  674.00    4.93589
  675.00    4.96280
  676.00    4.94034
  677.00    4.95131
  678.00    4.97784
  679.00    4.96912
  680.00    4.95867
  681.00    4.98459
  682.00    4.96568
  683.00    4.97785
  684.00    5.00506
  685.00    4.99044
  686.00    4.98516
  687.00    5.01083
  688.00    5.01247
  689.00    4.99870
  690.00    5.02347
  691.00    5.00565
  692.00    5.01185
  693.00    5.03809
  694.00    5.03277
  695.00    5.01760
  696.00    5.04493
  697.00    5.03471
  698.00    5.03476
  699.00    5.06077
  700.00    5.04520
  701.00    5.04027
  702.00    5.06514
  703.00    5.06733
  704.00    5.05087
  705.00    5.07855
  706.00    5.06437
  707.00    5.06420
  708.00    5.08784
  709.00    5.08760
  710.00    5.07186
  711.00    5.09663
  712.00    5.08789
  713.00    5.08804
  714.00    5.11019
  715.00    5.10404
  716.00    5.09024
  717.00    5.11816
  718.00    5.10942
  719.00    5.10824
  720.00    5.13156
  721.00    5.12462
  722.00    5.11368
  723.00    5.13837
  724.00    5.13749
  725.00    5.12214
  726.00    5.15108
  727.00    5.14666
  728.00    5.13270
  729.00    5.15252
  730.00    5.14561
  731.00    5.14720
  732.00    5.17305
  733.00    5.15626
  734.00    5.16122
  735.00    5.18614
  736.00    5.18315
  737.00    5.17272
  738.00    5.19771
  739.00    5.19142
  740.00    5.17954
  741.00    5.19803
  742.00    5.18992
  743.00    5.19650
  744.00    5.21721
  745.00    5.20153
  746.00    5.20685
  747.00    5.23152
  748.00    5.21579
  749.00    5.21180
  750.00    5.23477
  751.00    5.23532
  752.00    5.22419
  753.00    5.24888
  754.00    5.24347
  755.00    5.22980
  756.00    5.24960
  757.00    5.24970
  758.00    5.23428
  759.00    5.25955
  760.00    5.24717
  761.00    5.25247
  762.00    5.27995
  763.00    5.26794
  764.00    5.27162
  765.00    5.29765
  766.00    5.28176
  767.00    5.28184
  768.00    5.30461
  769.00    5.29773
  770.00    5.28013
  771.00    5.30244
  772.00    5.32110
  773.00    5.30344
  774.00    5.32685
  775.00    5.32185
  776.00    5.30056
  777.00    5.32850
  778.00    5.32675
  779.00    5.30950
  780.00    5.32906
  781.00    5.33053
  782.00    5.32458
  783.00    5.35156
  784.00    5.34104
  785.00    5.33761
  786.00    5.36407
  787.00    5.36130
  788.00    5.35254
  789.00    5.37582
  790.00    5.37323
  791.00    5.35954
  792.00    5.37652
  793.00    5.37637
  794.00    5.37092
  795.00    5.39888
  796.00    5.39069
  797.00    5.37760
  798.00    5.40127
  799.00    5.39798
  800.00    5.38622
  801.00    5.41251
  802.00    5.39744
  803.00    5.40357
  804.00    5.43028
  805.00    5.42299
  806.00    5.40802
  807.00    5.43511
  808.00    5.42100
  809.00    5.42895
  810.00    5.45465
  811.00    5.44554
  812.00    5.47078
  813.00    5.45324
  814.00    5.43525
  815.00    5.45773
  816.00    5.48355
  817.00    5.47355
  818.00    5.47530
  819.00    5.49945
  820.00    5.48039
  821.00    5.48399
  822.00    5.50785
  823.00    5.49330
  824.00    5.48914
  825.00    5.51456
  826.00    5.51389
  827.00    5.50260
  828.00    5.52727
  829.00    5.51253
  830.00    5.51740
  831.00    5.53850
  832.00    5.52697
  833.00    5.51823
  834.00    5.54097
  835.00    5.55095
  836.00    5.53524
  837.00    5.55511
  838.00    5.54968
  839.00    5.54053
  840.00    5.56489
  841.00    5.56244
  842.00    5.54174
  843.00    5.56355
  844.00    5.57465
  845.00    5.55445
  846.00    5.57841
  847.00    5.57392
  848.00    5.56091
  849.00    5.58701
  850.00    5.58348
  851.00    5.56109
  852.00    5.58222
  853.00    5.60405
  854.00    5.58009
  855.00    5.60254
  856.00    5.59350
  857.00    5.58306
  858.00    5.60224
  859.00    5.61034
  860.00    5.59197
  861.00    5.61380
  862.00    5.61239
  863.00    5.59871
  864.00    5.62292
  865.00    5.62347
  866.00    5.59969
  867.00    5.62091
  868.00    5.64446
  869.00    5.61996
  870.00    5.64273
  871.00    5.64001
  872.00    5.62414
  873.00    5.64610
  874.00    5.65650
  875.00    5.63813
  876.00    5.66114
  877.00    5.65619
  878.00    5.64523
  879.00    5.66915
  880.00    5.67280
  881.00    5.65633
  882.00    5.67861
  883.00    5.67251
  884.00    5.66713
  885.00    5.68886
  886.00    5.68776
  887.00    5.66459
  888.00    5.68748
  889.00    5.70763
  890.00    5.68695
  891.00    5.70964
  892.00    5.70964
  893.00    5.68874
  894.00    5.70914
  895.00    5.71207
  896.00    5.69095
  897.00    5.71059
  898.00    5.70834
  899.00    5.69468
  900.00    5.71743
  901.00    5.70852
  902.00    5.70225
  903.00    5.72821
  904.00    5.72386
  905.00    5.75850
  906.00    5.73275
  907.00    5.71985
  908.00    5.73598
  909.00    5.75866
  910.00    5.75089
  911.00    5.74544
  912.00    5.77059
  913.00    5.76218
  914.00    5.75808
  915.00    5.78232
  916.00    5.75773
  917.00    5.76305
  918.00    5.78729
  919.00    5.79139
  920.00    5.78282
  921.00    5.80933
  922.00    5.79483
  923.00    5.79422
  924.00    5.81905
  925.00    5.80553
  926.00    5.79855
  927.00    5.82041
  928.00    5.83509
  929.00    5.81555
  930.00    5.83922
  931.00    5.83122
  932.00    5.82166
  933.00    5.84502
  934.00    5.84327
  935.00    5.82232
  936.00    5.84702
  937.00    5.86174
  938.00    5.83785
  939.00    5.86081
  940.00    5.85708
  941.00    5.83678
  942.00    5.85174
  943.00    5.85690
  944.00    5.83786
  945.00    5.85001
  946.00    5.85880
  947.00    5.84292
  948.00    5.89007
  949.00    5.86541
  950.00    5.89055
  951.00    5.88991
  952.00    5.85054
  953.00    5.87986
  954.00    5.87949
  955.00    5.83973
  956.00    5.87084
  957.00    5.87140
  958.00    5.82402
  959.00    5.85540
  960.00    5.84621
  961.00    5.80601
  962.00    5.83838
  963.00    5.82956
  964.00    5.78506
  965.00    5.84308
  966.00    5.82989
  967.00    5.79717
  968.00    5.83264
  969.00    5.82560
  970.00    5.77946
  971.00    5.80929
  972.00    5.81809
  973.00    5.76154
  974.00    5.83623
  975.00    5.83232
  976.00    5.77872
  977.00    5.80955
  978.00    5.81144
  979.00    5.76271
  980.00    5.76833
  981.00    5.75505
  982.00    5.75838
  983.00    5.80303
  984.00    5.80098
  985.00    5.74162
  986.00    5.81314
  987.00    5.80902
  988.00    5.77266
  989.00    5.81349
  990.00    5.80950
  991.00    5.75353
  992.00    5.82328
  993.00    5.81959
  994.00    5.78468
  995.00    5.81561
  996.00    5.80775
  997.00    5.76870
  998.00    5.80347
  999.00    5.80784
 1000.00    5.75247
 1001.00    5.82719
 1002.00    5.82242
 1003.00    5.77722
 1004.00    5.80897
 1005.00    5.81034
 1006.00    5.76119
 1007.00    5.82501
 1008.00    5.81538
 1009.00    5.77915
 1010.00    5.81402
 1011.00    5.81139
 1012.00    5.76678
 1013.00    5.80385
 1014.00    5.79999
 1015.00    5.75070
 1016.00    5.82406
 1017.00    5.81311
 1018.00    5.77314
 1019.00    5.81031
 1020.00    5.81149
 1021.00    5.75704
 1022.00    5.83373
 1023.00    5.82261
 1024.00    5.77753
 1025.00    5.81654
 1026.00    5.81497
 1027.00    5.76332
 1028.00    5.83478
 1029.00    5.83124
 1030.00    5.78674
 1031.00    5.82317
 1032.00    5.82239
 1033.00    5.77502
 1034.00    5.84558
 1035.00    5.83261
 1036.00    5.79652
 1037.00    5.85533
 1038.00    5.85217
 1039.00    5.82439
 1040.00    5.85414
 1041.00    5.84357
 1042.00    5.80695
 1043.00    5.87476
 1044.00    5.85961
 1045.00    5.82614
 1046.00    5.85957
 1047.00    5.88220
 1048.00    5.86097
 1049.00    5.86087
 1050.00    5.88314
 1051.00    5.85187
 1052.00    5.87012
 1053.00    5.89596
 1054.00    5.87104
 1055.00    5.88172
 1056.00    5.90224
 1057.00    5.89225
 1058.00    5.88347
 1059.00    5.90039
 1060.00    5.88491
 1061.00    5.91225
 1062.00    5.91466
 1063.00    5.87503
 1064.00    5.90799
 1065.00    5.93024
 1066.00    5.90405
 1067.00    5.93799
 1068.00    5.93494
 1069.00    5.89592
 1070.00    5.92608
 1071.00    5.95431
 1072.00    5.92727
 1073.00    5.93707
 1074.00    5.96080
 1075.00    5.95094
 1076.00    5.94620
 1077.00    5.97153
 1078.00    5.94631
 1079.00    5.95602
 1080.00    5.97942
 1081.00    5.96716
 1082.00    5.96548
 1083.00    5.99033
 1084.00    5.96497
 1085.00    5.97989
 1086.00    5.99844
 1087.00    5.98766
 1088.00    5.98313
 1089.00    6.01142
 1090.00    5.98783
 1091.00    6.01666
 1092.00    6.00898
 1093.00    5.97751
 1094.00    6.03277
 1095.00    6.02336
 1096.00    5.98816
 1097.00    6.01793
 1098.00    6.03568
 1099.00    6.02898
 1100.00    6.02398
 1101.00    6.04891
 1102.00    6.02605
 1103.00    6.05463
 1104.00    6.04646
 1105.00    6.01687
 1106.00    6.04569
 1107.00    6.06838
 1108.00    6.04786
 1109.00    6.07563
 1110.00    6.06858
 1111.00    6.03874
 1112.00    6.06953
 1113.00    6.09019
 1114.00    6.06865
 1115.00    6.09346
 1116.00    6.08945
 1117.00    6.06551
 1118.00    6.08937
 1119.00    6.11021
 1120.00    6.08874
 1121.00    6.11723
 1122.00    6.10849
 1123.00    6.08759
 1124.00    6.10730
 1125.00    6.13145
 1126.00    6.11255
 1127.00    6.13488
 1128.00    6.13096
 1129.00    6.10940
 1130.00    6.13107
 1131.00    6.15129
 1132.00    6.13208
 1133.00    6.14974
 1134.00    6.14519
 1135.00    6.13043
 1136.00    6.14380
 1137.00    6.16144
 1138.00    6.14887
 1139.00    6.17218
 1140.00    6.16506
 1141.00    6.14504
 1142.00    6.16305
 1143.00    6.18418
 1144.00    6.17246
 1145.00    6.19391
 1146.00    6.18423
 1147.00    6.16995
 1148.00    6.18522
 1149.00    6.20516
 1150.00    6.19391
 1151.00    6.21659
 1152.00    6.20619
 1153.00    6.19175
 1154.00    6.20355
 1155.00    6.22648
 1156.00    6.21626
 1157.00    6.22926
 1158.00    6.23159
 1159.00    6.21319
 1160.00    6.22538
 1161.00    6.24596
 1162.00    6.23378
 1163.00    6.25158
 1164.00    6.25291
 1165.00    6.23189
 1166.00    6.24569
 1167.00    6.26581
 1168.00    6.25497
 1169.00    6.27141
 1170.00    6.26730
 1171.00    6.25186
 1172.00    6.26517
 1173.00    6.28308
 1174.00    6.27503
 1175.00    6.29045
 1176.00    6.28533
 1177.00    6.27253
 1178.00    6.28318
 1179.00    6.30227
 1180.00    6.29416
 1181.00    6.31084
 1182.00    6.30956
 1183.00    6.28980
 1184.00    6.30507
 1185.00    6.32011
 1186.00    6.31499
 1187.00    6.33035
 1188.00    6.32272
 1189.00    6.31213
 1190.00    6.32224
 1191.00    6.33915
 1192.00    6.33454
 1193.00    6.32251
 1194.00    6.35031
 1195.00    6.33924
 1196.00    6.36144
 1197.00    6.35055
 1198.00    6.32650
 1199.00    6.34608
 1200.00    6.36420
 1201.00    6.35891
 1202.00    6.38132
 1203.00    6.37290
 1204.00    6.34771
 1205.00    6.36527
 1206.00    6.38625
 1207.00    6.38030
 1208.00    6.39763
 1209.00    6.39375
 1210.00    6.37004
 1211.00    6.38310
 1212.00    6.40539
 1213.00    6.39587
 1214.00    6.41239
 1215.00    6.40915
 1216.00    6.39467
 1217.00    6.40445
 1218.00    6.42442
 1219.00    6.40817
 1220.00    6.42589
 1221.00    6.42439
 1222.00    6.40508
 1223.00    6.41865
 1224.00    6.43890
 1225.00    6.42670
 1226.00    6.44433
 1227.00    6.44309
 1228.00    6.42610
 1229.00    6.43338
 1230.00    6.45540
 1231.00    6.44008
 1232.00    6.45909
 1233.00    6.45403
 1234.00    6.44391
 1235.00    6.46494
 1236.00    6.45021
 1237.00    6.42730
 1238.00    6.47276
 1239.00    6.47262
 1240.00    6.45226
 1241.00    6.47207
 1242.00    6.46323
 1243.00    6.44011
 1244.00    6.48763
 1245.00    6.47608
 1246.00    6.45195
 1247.00    6.47040
 1248.00    6.49057
 1249.00    6.48113
 1250.00    6.49708
 1251.00    6.49101
 1252.00    6.47688
 1253.00    6.49542
 1254.00    6.48839
 1255.00    6.46746
 1256.00    6.50863
 1257.00    6.50028
 1258.00    6.47611
 1259.00    6.49196
 1260.00    6.51245
 1261.00    6.50719
 1262.00    6.52145
 1263.00    6.51549
 1264.00    6.50304
 1265.00    6.52817
 1266.00    6.51541
 1267.00    6.49456
 1268.00    6.53531
 1269.00    6.52819
 1270.00    6.51494
 1271.00    6.53291
 1272.00    6.52109
 1273.00    6.50591
 1274.00    6.54543
 1275.00    6.53643
 1276.00    6.52533
 1277.00    6.54579
 1278.00    6.53330
 1279.00    6.51998
 1280.00    6.52955
 1281.00    6.54868
 1282.00    6.54665
 1283.00    6.56245
 1284.00    6.55844
 1285.00    6.54052
 1286.00    6.54691
 1287.00    6.56740
 1288.00    6.55890
 1289.00    6.57704
 1290.00    6.57356
 1291.00    6.55499
 1292.00    6.57400
 1293.00    6.56102
 1294.00    6.54899
 1295.00    6.58447
 1296.00    6.57628
 1297.00    6.55897
 1298.00    6.58331
 1299.00    6.56718
 1300.00    6.55462
 1301.00    6.59731
 1302.00    6.59150
 1303.00    6.56898
 1304.00    6.58483
 1305.00    6.60526
 1306.00    6.59928
 1307.00    6.61165
 1308.00    6.60492
 1309.00    6.59124
 1310.00    6.60886
 1311.00    6.60385
 1312.00    6.58875
 1313.00    6.61832
 1314.00    6.61350
 1315.00    6.59550
 1316.00    6.60432
 1317.00    6.61922
 1318.00    6.61857
 1319.00    6.63503
 1320.00    6.63009
 1321.00    6.61997
 1322.00    6.63731
 1323.00    6.62160
 1324.00    6.61205
 1325.00    6.64649
 1326.00    6.64182
 1327.00    6.62116
 1328.00    6.64506
 1329.00    6.62891
 1330.00    6.62215
 1331.00    6.64460
 1332.00    6.62956
 1333.00    6.61655
 1334.00    6.65586
 1335.00    6.65027
 1336.00    6.62796
 1337.00    6.64830
 1338.00    6.63866
 1339.00    6.62559
 1340.00    6.66346
 1341.00    6.65466
 1342.00    6.63579
 1343.00    6.64932
 1344.00    6.66865
 1345.00    6.66090
 1346.00    6.67945
 1347.00    6.66666
 1348.00    6.65513
 1349.00    6.66734
 1350.00    6.68973
 1351.00    6.67974
 1352.00    6.69579
 1353.00    6.68970
 1354.00    6.67397
 1355.00    6.68928
 1356.00    6.70758
 1357.00    6.69187
 1358.00    6.70920
 1359.00    6.69681
 1360.00    6.68932
 1361.00    6.70251
 1362.00    6.71989
 1363.00    6.71051
 1364.00    6.72563
 1365.00    6.71748
 1366.00    6.70697
 1367.00    6.72950
 1368.00    6.71414
 1369.00    6.70561
 1370.00    6.71476
 1371.00    6.73555
 1372.00    6.72321
 1373.00    6.74188
 1374.00    6.73036
 1375.00    6.72236
 1376.00    6.74706
 1377.00    6.73109
 1378.00    6.71651
 1379.00    6.76134
 1380.00    6.75099
 1381.00    6.72512
 1382.00    6.74243
 1383.00    6.76289
 1384.00    6.74997
 1385.00    6.77143
 1386.00    6.76206
 1387.00    6.74400
 1388.00    6.75681
 1389.00    6.77354
 1390.00    6.76603
 1391.00    6.78698
 1392.00    6.77331
 1393.00    6.76225
 1394.00    6.77300
 1395.00    6.78839
 1396.00    6.78426
 1397.00    6.80381
 1398.00    6.79039
 1399.00    6.78025
 1400.00    6.79025
 1401.00    6.80999
 1402.00    6.80204
 1403.00    6.81937
 1404.00    6.81296
 1405.00    6.79882
 1406.00    6.80194
 1407.00    6.82083
 1408.00    6.81113
 1409.00    6.82860
 1410.00    6.81910
 1411.00    6.80851
 1412.00    6.81644
 1413.00    6.84060
 1414.00    6.82824
 1415.00    6.84549
 1416.00    6.83239
 1417.00    6.82493
 1418.00    6.83170
 1419.00    6.84834
 1420.00    6.84671
 1421.00    6.86182
 1422.00    6.85494
 1423.00    6.84386
 1424.00    6.84758
 1425.00    6.86772
 1426.00    6.86260
 1427.00    6.88387
 1428.00    6.86531
 1429.00    6.86018
 1430.00    6.86773
 1431.00    6.88541
 1432.00    6.88202
 1433.00    6.89603
 1434.00    6.88798
 1435.00    6.88070
 1436.00    6.90529
 1437.00    6.88993
 1438.00    6.87563
 1439.00    6.91451
 1440.00    6.90900
 1441.00    6.88599
 1442.00    6.89256
 1443.00    6.91128
 1444.00    6.90155
 1445.00    6.91777
 1446.00    6.90507
 1447.00    6.89677
 1448.00    6.90386
 1449.00    6.92214
 1450.00    6.91862
 1451.00    6.93300
 1452.00    6.92010
 1453.00    6.91418
 1454.00    6.91892
 1455.00    6.93731
 1456.00    6.93494
 1457.00    6.94791
 1458.00    6.94277
 1459.00    6.93139
 1460.00    6.93709
 1461.00    6.94938
 1462.00    6.94554
 1463.00    6.96002
 1464.00    6.95306
 1465.00    6.94396
 1466.00    6.94646
 1467.00    6.96480
 1468.00    6.96302
 1469.00    6.97651
 1470.00    6.96437
 1471.00    6.96158
 1472.00    6.97815
 1473.00    6.96733
 1474.00    6.95898
 1475.00    6.99012
 1476.00    6.97820
 1477.00    6.96571
 1478.00    6.98637
 1479.00    6.97242
 1480.00    6.96623
 1481.00    6.96944
 1482.00    6.99410
 1483.00    6.98217
 1484.00    7.00136
 1485.00    6.98813
 1486.00    6.98311
 1487.00    6.98347
 1488.00    7.00300
 1489.00    6.99886
 1490.00    7.01648
 1491.00    7.00408
 1492.00    6.99730
 1493.00    6.99788
 1494.00    7.01755
 1495.00    7.01422
 1496.00    7.03148
 1497.00    7.01923
