    1.00    0.00000
    2.00    0.17961
    3.00    0.17230
    4.00    0.18195
    5.00    0.29853
    6.00    0.30007
    7.00    0.09375
    8.00    0.43352
    9.00    0.42801
   10.00    0.17368
   11.00    0.56612
   12.00    0.57091
   13.00    0.30694
   14.00    0.70860
   15.00    0.71217
   16.00    0.43866
   17.00    0.85120
   18.00    0.85215
   19.00    0.57114
   20.00    0.98893
   21.00    0.98895
   22.00    0.69937
   23.00    1.10780
   24.00    1.09820
   25.00    0.81695
   26.00    1.20675
   27.00    1.20375
   28.00    0.93477
   29.00    1.28861
   30.00    1.28742
   31.00    1.03866
   32.00    1.36310
   33.00    1.36022
   34.00    1.12682
   35.00    1.43311
   36.00    1.42867
   37.00    1.22220
   38.00    1.49096
   39.00    1.49067
   40.00    1.31076
   41.00    1.55033
   42.00    1.53500
   43.00    1.37126
   44.00    1.57098
   45.00    1.56858
   46.00    1.43599
   47.00    1.60122
   48.00    1.60225
   49.00    1.48989
   50.00    1.62533
   51.00    1.62720
   52.00    1.52419
   53.00    1.66250
   54.00    1.64525
   55.00    1.54670
   56.00    1.69548
   57.00    1.67778
   58.00    1.58384
   59.00    1.72613
   60.00    1.71008
   61.00    1.62237
   62.00    1.75671
   63.00    1.74107
   64.00    1.65647
   65.00    1.78670
   66.00    1.77119
   67.00    1.69088
   68.00    1.81541
   69.00    1.80032
   70.00    1.71473
   71.00    1.84387
   72.00    1.82877
   73.00    1.74813
   74.00    1.87227
   75.00    1.85718
   76.00    1.78264
   77.00    1.90112
   78.00    1.88589
   79.00    1.81554
   80.00    1.93081
   81.00    1.91542
   82.00    1.84823
   83.00    1.96101
   84.00    1.94568
   85.00    1.87600
   86.00    1.99142
   87.00    1.97564
   88.00    1.91053
   89.00    2.02181
   90.00    2.00601
   91.00    1.94734
   92.00    2.05292
   93.00    2.03673
   94.00    1.97280
   95.00    2.08213
   96.00    2.06703
   97.00    2.00840
   98.00    2.11154
   99.00    2.09659
  100.00    2.03712
  101.00    2.14174
  102.00    2.12600
  103.00    2.06753
  104.00    2.16965
  105.00    2.15635
  106.00    2.10696
  107.00    2.19704
  108.00    2.18205
  109.00    2.13202
  110.00    2.22333
  111.00    2.20908
  112.00    2.16151
  113.00    2.24848
  114.00    2.23340
  115.00    2.19083
  116.00    2.27466
  117.00    2.25930
  118.00    2.21628
  119.00    2.30077
  120.00    2.28563
  121.00    2.24248
  122.00    2.32676
  123.00    2.31158
  124.00    2.27231
  125.00    2.35312
  126.00    2.33761
  127.00    2.29589
  128.00    2.38022
  129.00    2.36397
  130.00    2.32459
  131.00    2.40638
  132.00    2.39054
  133.00    2.35068
  134.00    2.43235
  135.00    2.41800
  136.00    2.37673
  137.00    2.45917
  138.00    2.44363
  139.00    2.40929
  140.00    2.48542
  141.00    2.47053
  142.00    2.43406
  143.00    2.51181
  144.00    2.49801
  145.00    2.46259
  146.00    2.53772
  147.00    2.52362
  148.00    2.48543
  149.00    2.56297
  150.00    2.54890
  151.00    2.51180
  152.00    2.58821
  153.00    2.57358
  154.00    2.54000
  155.00    2.61325
  156.00    2.59748
  157.00    2.56532
  158.00    2.63689
  159.00    2.62215
  160.00    2.59057
  161.00    2.66098
  162.00    2.64526
  163.00    2.61556
  164.00    2.68439
  165.00    2.66839
  166.00    2.63804
  167.00    2.70755
  168.00    2.69202
  169.00    2.66341
  170.00    2.73152
  171.00    2.71475
  172.00    2.68692
  173.00    2.75322
  174.00    2.73716
  175.00    2.71080
  176.00    2.77507
  177.00    2.75887
  178.00    2.73308
  179.00    2.79678
  180.00    2.78057
  181.00    2.75373
  182.00    2.81835
  183.00    2.80243
  184.00    2.77642
  185.00    2.83995
  186.00    2.82402
  187.00    2.80005
  188.00    2.86122
  189.00    2.84574
  190.00    2.82374
  191.00    2.88250
  192.00    2.86677
  193.00    2.84609
  194.00    2.90393
  195.00    2.88805
  196.00    2.86692
  197.00    2.92528
  198.00    2.90968
  199.00    2.88822
  200.00    2.94654
  201.00    2.93081
  202.00    2.91000
  203.00    2.96756
  204.00    2.95199
  205.00    2.93127
  206.00    2.98819
  207.00    2.97312
  208.00    2.95491
  209.00    3.00878
  210.00    2.99374
  211.00    2.97612
  212.00    3.02974
  213.00    3.01405
  214.00    2.99299
  215.00    3.05079
  216.00    3.03495
  217.00    3.01918
  218.00    3.07116
  219.00    3.05514
  220.00    3.03954
  221.00    3.09135
  222.00    3.07527
  223.00    3.06164
  224.00    3.11064
  225.00    3.09470
  226.00    3.08188
  227.00    3.13024
  228.00    3.11387
  229.00    3.10185
  230.00    3.14947
  231.00    3.13327
  232.00    3.12430
  233.00    3.16784
  234.00    3.15184
  235.00    3.14127
  236.00    3.18588
  237.00    3.17005
  238.00    3.16144
  239.00    3.19986
  240.00    3.20671
  241.00    3.22081
  242.00    3.22375
  243.00    3.23053
  244.00    3.24495
  245.00    3.29141
  246.00    3.29666
  247.00    3.19459
  248.00    3.31316
  249.00    3.31508
  250.00    3.30101
  251.00    3.32680
  252.00    3.33463
  253.00    3.33089
  254.00    3.34978
  255.00    3.35720
  256.00    3.35880
  257.00    3.37345
  258.00    3.37770
  259.00    3.38288
  260.00    3.39532
  261.00    3.40194
  262.00    3.40825
  263.00    3.41843
  264.00    3.42196
  265.00    3.43194
  266.00    3.43816
  267.00    3.44299
  268.00    3.45587
  269.00    3.46067
  270.00    3.46189
  271.00    3.47741
  272.00    3.47823
  273.00    3.48218
  274.00    3.49855
  275.00    3.49861
  276.00    3.50146
  277.00    3.51972
  278.00    3.51705
  279.00    3.52012
  280.00    3.53882
  281.00    3.53541
  282.00    3.53794
  283.00    3.56058
  284.00    3.55271
  285.00    3.55606
  286.00    3.58057
  287.00    3.57091
  288.00    3.57497
  289.00    3.59928
  290.00    3.58946
  291.00    3.59345
  292.00    3.61872
  293.00    3.60806
  294.00    3.61106
  295.00    3.63831
  296.00    3.62623
  297.00    3.62968
  298.00    3.65740
  299.00    3.64417
  300.00    3.64757
  301.00    3.67606
  302.00    3.66142
  303.00    3.66527
  304.00    3.69404
  305.00    3.67946
  306.00    3.68262
  307.00    3.71208
  308.00    3.70691
  309.00    3.71066
  310.00    3.74212
  311.00    3.71882
  312.00    3.72344
  313.00    3.75229
  314.00    3.73643
  315.00    3.74113
  316.00    3.76673
  317.00    3.76293
  318.00    3.76926
  319.00    3.79571
  320.00    3.77701
  321.00    3.78041
  322.00    3.80828
  323.00    3.79250
  324.00    3.79591
  325.00    3.82182
  326.00    3.81841
  327.00    3.82358
  328.00    3.84903
  329.00    3.83263
  330.00    3.83725
  331.00    3.86571
  332.00    3.84945
  333.00    3.85415
  334.00    3.87622
  335.00    3.87600
  336.00    3.88089
  337.00    3.90004
  338.00    3.91277
  339.00    3.92022
  340.00    3.89796
  341.00    3.92852
  342.00    3.93545
  343.00    3.93362
  344.00    3.94388
  345.00    3.94725
  346.00    3.96544
  347.00    3.95972
  348.00    3.96320
  349.00    3.98847
  350.00    3.99751
  351.00    4.00116
  352.00    3.99688
  353.00    4.01102
  354.00    4.01546
  355.00    4.02728
  356.00    4.02501
  357.00    4.03076
  358.00    4.05316
  359.00    4.04039
  360.00    4.06973
  361.00    4.07742
  362.00    4.07907
  363.00    4.08817
  364.00    4.08768
  365.00    4.09689
  366.00    4.10531
  367.00    4.11693
  368.00    4.11508
  369.00    4.12005
  370.00    4.13665
  371.00    4.13152
  372.00    4.13689
  373.00    4.15763
  374.00    4.14709
  375.00    4.15143
  376.00    4.17324
  377.00    4.16096
  378.00    4.16676
  379.00    4.18945
  380.00    4.17348
  381.00    4.20072
  382.00    4.21445
  383.00    4.20945
  384.00    4.21691
  385.00    4.22750
  386.00    4.20439
  387.00    4.23037
  388.00    4.25523
  389.00    4.23880
  390.00    4.26710
  391.00    4.27271
  392.00    4.25867
  393.00    4.28536
  394.00    4.29248
  395.00    4.27408
  396.00    4.30208
  397.00    4.31637
  398.00    4.29083
  399.00    4.31677
  400.00    4.33127
  401.00    4.30195
  402.00    4.32901
  403.00    4.35274
  404.00    4.31894
  405.00    4.34193
  406.00    4.36703
  407.00    4.35201
  408.00    4.35507
  409.00    4.37902
  410.00    4.35893
  411.00    4.38666
  412.00    4.40531
  413.00    4.37641
  414.00    4.40261
  415.00    4.41779
  416.00    4.38870
  417.00    4.41553
  418.00    4.43450
  419.00    4.40277
  420.00    4.42871
  421.00    4.45439
  422.00    4.43592
  423.00    4.45992
  424.00    4.47700
  425.00    4.45179
  426.00    4.47604
  427.00    4.49045
  428.00    4.46427
  429.00    4.49185
  430.00    4.51149
  431.00    4.49161
  432.00    4.51723
  433.00    4.53405
  434.00    4.50776
  435.00    4.53344
  436.00    4.54674
  437.00    4.52348
  438.00    4.55092
  439.00    4.56587
  440.00    4.54663
  441.00    4.57167
  442.00    4.58780
  443.00    4.56570
  444.00    4.58896
  445.00    4.59911
  446.00    4.58272
  447.00    4.60495
  448.00    4.61619
  449.00    4.59413
  450.00    4.62037
  451.00    4.63750
  452.00    4.61806
  453.00    4.64068
  454.00    4.65647
  455.00    4.63528
  456.00    4.65613
  457.00    4.67185
  458.00    4.65724
  459.00    4.68092
  460.00    4.69011
  461.00    4.67517
  462.00    4.69668
  463.00    4.70282
  464.00    4.68832
  465.00    4.71132
  466.00    4.72587
  467.00    4.70237
  468.00    4.72789
  469.00    4.74635
  470.00    4.72640
  471.00    4.74829
  472.00    4.76884
  473.00    4.74839
  474.00    4.77274
  475.00    4.76382
  476.00    4.78468
  477.00    4.79041
  478.00    4.78592
  479.00    4.78493
  480.00    4.80568
  481.00    4.82395
  482.00    4.80932
  483.00    4.83308
  484.00    4.82802
  485.00    4.84138
  486.00    4.84604
  487.00    4.85546
  488.00    4.84680
  489.00    4.87189
  490.00    4.85879
  491.00    4.88190
  492.00    4.88641
  493.00    4.88404
  494.00    4.87802
  495.00    4.89987
  496.00    4.91551
  497.00    4.90331
  498.00    4.92857
  499.00    4.92189
  500.00    4.92072
  501.00    4.94277
  502.00    4.95206
  503.00    4.94523
  504.00    4.96982
  505.00    4.95700
  506.00    4.96461
  507.00    4.98944
  508.00    4.98910
  509.00    4.98042
  510.00    5.00185
  511.00    5.01115
  512.00    4.99246
  513.00    5.01287
  514.00    5.03462
  515.00    5.01661
  516.00    5.04137
  517.00    5.04252
  518.00    5.03266
  519.00    5.05378
  520.00    5.06720
  521.00    5.05733
  522.00    5.08243
  523.00    5.07315
  524.00    5.07476
  525.00    5.09907
  526.00    5.10222
  527.00    5.08838
  528.00    5.10929
  529.00    5.12475
  530.00    5.11360
  531.00    5.13768
  532.00    5.13572
  533.00    5.13035
  534.00    5.15292
  535.00    5.16324
  536.00    5.15399
  537.00    5.17712
  538.00    5.17081
  539.00    5.17149
  540.00    5.19562
  541.00    5.19757
  542.00    5.18463
  543.00    5.20632
  544.00    5.22019
  545.00    5.19435
  546.00    5.21463
  547.00    5.24087
  548.00    5.21829
  549.00    5.24371
  550.00    5.25103
  551.00    5.23223
  552.00    5.25349
  553.00    5.27215
  554.00    5.25866
  555.00    5.28125
  556.00    5.28172
  557.00    5.27094
  558.00    5.29394
  559.00    5.30688
  560.00    5.28097
  561.00    5.30200
  562.00    5.32538
  563.00    5.30587
  564.00    5.32813
  565.00    5.33754
  566.00    5.31693
  567.00    5.33953
  568.00    5.35478
  569.00    5.34157
  570.00    5.36433
  571.00    5.36233
  572.00    5.35557
  573.00    5.37823
  574.00    5.38447
  575.00    5.36598
  576.00    5.38813
  577.00    5.40668
  578.00    5.39058
  579.00    5.41325
  580.00    5.41889
  581.00    5.40357
  582.00    5.42570
  583.00    5.43727
  584.00    5.41254
  585.00    5.43377
  586.00    5.45583
  587.00    5.43553
  588.00    5.45885
  589.00    5.47170
  590.00    5.44725
  591.00    5.46728
  592.00    5.48520
  593.00    5.45328
  594.00    5.47312
  595.00    5.50113
  596.00    5.47796
  597.00    5.50064
  598.00    5.51867
  599.00    5.48800
  600.00    5.50916
  601.00    5.53049
  602.00    5.49567
  603.00    5.51790
  604.00    5.54534
  605.00    5.52011
  606.00    5.54293
  607.00    5.56140
  608.00    5.53677
  609.00    5.56121
  610.00    5.56806
  611.00    5.55320
  612.00    5.57391
  613.00    5.58108
  614.00    5.56071
  615.00    5.58188
  616.00    5.60084
  617.00    5.56820
  618.00    5.59010
  619.00    5.61490
  620.00    5.59250
  621.00    5.61543
  622.00    5.63217
  623.00    5.60143
  624.00    5.62197
  625.00    5.64394
  626.00    5.62633
  627.00    5.64770
  628.00    5.65612
  629.00    5.63517
  630.00    5.65694
  631.00    5.67259
  632.00    5.64205
  633.00    5.66412
  634.00    5.68842
  635.00    5.66805
  636.00    5.69005
  637.00    5.70183
  638.00    5.67615
  639.00    5.69676
  640.00    5.72172
  641.00    5.70145
  642.00    5.72267
  643.00    5.73187
  644.00    5.71062
  645.00    5.73161
  646.00    5.74786
  647.00    5.71631
  648.00    5.73751
  649.00    5.76646
  650.00    5.74276
  651.00    5.76432
  652.00    5.77962
  653.00    5.75088
  654.00    5.77095
  655.00    5.79304
  656.00    5.75601
  657.00    5.77734
  658.00    5.80465
  659.00    5.78262
  660.00    5.80518
  661.00    5.81882
  662.00    5.79003
  663.00    5.81109
  664.00    5.83452
  665.00    5.79551
  666.00    5.81648
  667.00    5.84566
  668.00    5.82266
  669.00    5.84461
  670.00    5.86151
  671.00    5.82891
  672.00    5.84870
  673.00    5.87529
  674.00    5.85506
  675.00    5.87681
  676.00    5.89050
  677.00    5.86221
  678.00    5.88355
  679.00    5.90423
  680.00    5.86692
  681.00    5.88676
  682.00    5.91612
  683.00    5.89423
  684.00    5.91524
  685.00    5.93042
  686.00    5.90008
  687.00    5.92089
  688.00    5.94259
  689.00    5.90368
  690.00    5.92373
  691.00    5.95620
  692.00    5.93080
  693.00    5.95269
  694.00    5.97075
  695.00    5.93581
  696.00    5.95598
  697.00    5.98544
  698.00    5.96268
  699.00    5.98440
  700.00    5.99888
  701.00    5.96820
  702.00    5.98820
  703.00    6.01618
  704.00    5.99465
  705.00    6.01652
  706.00    6.02987
  707.00    6.00119
  708.00    6.02125
  709.00    6.04531
  710.00    6.02644
  711.00    6.04860
  712.00    6.06065
  713.00    6.03360
  714.00    6.05590
  715.00    6.07497
  716.00    6.05467
  717.00    6.08149
  718.00    6.09057
  719.00    6.06700
  720.00    6.08971
  721.00    6.10732
  722.00    6.08786
  723.00    6.11337
  724.00    6.11962
  725.00    6.10021
  726.00    6.12281
  727.00    6.13329
  728.00    6.10538
  729.00    6.12767
  730.00    6.15099
  731.00    6.10861
  732.00    6.12874
  733.00    6.16354
  734.00    6.13332
  735.00    6.15721
  736.00    6.17800
  737.00    6.13887
  738.00    6.16034
  739.00    6.19175
  740.00    6.16482
  741.00    6.18821
  742.00    6.20752
  743.00    6.17032
  744.00    6.19187
  745.00    6.21912
  746.00    6.19468
  747.00    6.21718
  748.00    6.23556
  749.00    6.19915
  750.00    6.22111
  751.00    6.24337
  752.00    6.20003
  753.00    6.22053
  754.00    6.25455
  755.00    6.22695
  756.00    6.24925
  757.00    6.26846
  758.00    6.22908
  759.00    6.25031
  760.00    6.28302
  761.00    6.25534
  762.00    6.27737
  763.00    6.29729
  764.00    6.25835
  765.00    6.28002
  766.00    6.30522
  767.00    6.25923
  768.00    6.27894
  769.00    6.31774
  770.00    6.28661
  771.00    6.30885
  772.00    6.33444
  773.00    6.28816
  774.00    6.30892
  775.00    6.34115
  776.00    6.31562
  777.00    6.33712
  778.00    6.35409
  779.00    6.31798
  780.00    6.33971
  781.00    6.36571
  782.00    6.34296
  783.00    6.36613
  784.00    6.37803
  785.00    6.34900
  786.00    6.37134
  787.00    6.38922
  788.00    6.35022
  789.00    6.37171
  790.00    6.40281
  791.00    6.37807
  792.00    6.39841
  793.00    6.41826
  794.00    6.37907
  795.00    6.39973
  796.00    6.42375
  797.00    6.37928
  798.00    6.39970
  799.00    6.43537
  800.00    6.40628
  801.00    6.42753
  802.00    6.45221
  803.00    6.40683
  804.00    6.42811
  805.00    6.46030
  806.00    6.43393
  807.00    6.45635
  808.00    6.47410
  809.00    6.43732
  810.00    6.45867
  811.00    6.48825
  812.00    6.46237
  813.00    6.48627
  814.00    6.50549
  815.00    6.46671
  816.00    6.48856
  817.00    6.51352
  818.00    6.46643
  819.00    6.48746
  820.00    6.51981
  821.00    6.49316
  822.00    6.51487
  823.00    6.53555
  824.00    6.49472
  825.00    6.51678
  826.00    6.54628
  827.00    6.52024
  828.00    6.54359
  829.00    6.55926
  830.00    6.52445
  831.00    6.54602
  832.00    6.57260
  833.00    6.55019
  834.00    6.57245
  835.00    6.58623
  836.00    6.55492
  837.00    6.57741
  838.00    6.59765
  839.00    6.55707
  840.00    6.57664
  841.00    6.61168
  842.00    6.58254
  843.00    6.60286
  844.00    6.62930
  845.00    6.58288
  846.00    6.60398
  847.00    6.63460
  848.00    6.60846
  849.00    6.63099
  850.00    6.64924
  851.00    6.61121
  852.00    6.63354
  853.00    6.66103
  854.00    6.63694
  855.00    6.65982
  856.00    6.67758
  857.00    6.64025
  858.00    6.66355
  859.00    6.68719
  860.00    6.64198
  861.00    6.66307
  862.00    6.69378
  863.00    6.66694
  864.00    6.68880
  865.00    6.71010
  866.00    6.66824
  867.00    6.68919
  868.00    6.72007
  869.00    6.69161
  870.00    6.71594
  871.00    6.73561
  872.00    6.69598
  873.00    6.71774
  874.00    6.73981
  875.00    6.69608
  876.00    6.71582
  877.00    6.75396
  878.00    6.72122
  879.00    6.74266
  880.00    6.77083
  881.00    6.72040
  882.00    6.74187
  883.00    6.77235
  884.00    6.74456
  885.00    6.76692
  886.00    6.78921
  887.00    6.74648
  888.00    6.76721
  889.00    6.79021
  890.00    6.74632
  891.00    6.76583
  892.00    6.80147
  893.00    6.77151
  894.00    6.79216
  895.00    6.81824
  896.00    6.77209
  897.00    6.79118
  898.00    6.82439
  899.00    6.79732
  900.00    6.81856
  901.00    6.84128
  902.00    6.79988
  903.00    6.82061
  904.00    6.84695
  905.00    6.80049
  906.00    6.82053
  907.00    6.85461
  908.00    6.82648
  909.00    6.84685
  910.00    6.87261
  911.00    6.82740
  912.00    6.84668
  913.00    6.88023
  914.00    6.85215
  915.00    6.87378
  916.00    6.89767
  917.00    6.85374
  918.00    6.87433
  919.00    6.90273
  920.00    6.87961
  921.00    6.89956
  922.00    6.92048
  923.00    6.88246
  924.00    6.90383
  925.00    6.92585
  926.00    6.88325
  927.00    6.90190
  928.00    6.93658
  929.00    6.90841
  930.00    6.92916
  931.00    6.95392
  932.00    6.90965
  933.00    6.92851
  934.00    6.96065
  935.00    6.93468
  936.00    6.95563
  937.00    6.97911
  938.00    6.93656
  939.00    6.95841
  940.00    6.98247
  941.00    6.93800
  942.00    6.95777
  943.00    6.99150
  944.00    6.96269
  945.00    6.98414
  946.00    7.01036
  947.00    6.96493
  948.00    6.98416
  949.00    7.01559
  950.00    6.99033
  951.00    7.01052
  952.00    7.03186
  953.00    6.99117
  954.00    7.01132
  955.00    7.03937
  956.00    7.01697
  957.00    7.03692
  958.00    7.05657
  959.00    7.01947
  960.00    7.04014
  961.00    7.06333
  962.00    7.04330
  963.00    7.06499
  964.00    7.08152
  965.00    7.04816
  966.00    7.06915
  967.00    7.08977
  968.00    7.06835
  969.00    7.09377
  970.00    7.10684
  971.00    7.07754
  972.00    7.09957
  973.00    7.11806
  974.00    7.08150
  975.00    7.10039
  976.00    7.12892
  977.00    7.10569
  978.00    7.12587
  979.00    7.14624
  980.00    7.10839
  981.00    7.13083
  982.00    7.15263
  983.00    7.11185
  984.00    7.13083
  985.00    7.16301
  986.00    7.13510
  987.00    7.15434
  988.00    7.18171
  989.00    7.13497
  990.00    7.15550
  991.00    7.18399
  992.00    7.15838
  993.00    7.17951
  994.00    7.19908
  995.00    7.16103
  996.00    7.18124
  997.00    7.20637
  998.00    7.18258
  999.00    7.20503
 1000.00    7.22472
 1001.00    7.18768
 1002.00    7.20885
 1003.00    7.22867
 1004.00    7.18912
 1005.00    7.20890
 1006.00    7.23844
 1007.00    7.21053
 1008.00    7.23290
 1009.00    7.25569
 1010.00    7.21477
 1011.00    7.23517
 1012.00    7.26075
 1013.00    7.23604
 1014.00    7.25829
 1015.00    7.27826
 1016.00    7.24061
 1017.00    7.26111
 1018.00    7.28286
 1019.00    7.26081
 1020.00    7.28434
 1021.00    7.30125
 1022.00    7.26740
 1023.00    7.28835
 1024.00    7.30833
 1025.00    7.28863
 1026.00    7.31160
 1027.00    7.32566
 1028.00    7.29533
 1029.00    7.31841
 1030.00    7.33551
 1031.00    7.30006
 1032.00    7.32086
 1033.00    7.34729
 1034.00    7.32219
 1035.00    7.34280
 1036.00    7.36569
 1037.00    7.32665
 1038.00    7.34752
 1039.00    7.36867
 1040.00    7.34467
 1041.00    7.36723
 1042.00    7.38713
 1043.00    7.35040
 1044.00    7.37123
 1045.00    7.39109
 1046.00    7.36984
 1047.00    7.39398
 1048.00    7.40939
 1049.00    7.37846
 1050.00    7.40025
 1051.00    7.41775
 1052.00    7.38263
 1053.00    7.40319
 1054.00    7.42934
 1055.00    7.40268
 1056.00    7.42507
 1057.00    7.44726
 1058.00    7.40791
 1059.00    7.42886
 1060.00    7.45268
 1061.00    7.42663
 1062.00    7.45066
 1063.00    7.47009
 1064.00    7.43376
 1065.00    7.45633
 1066.00    7.47417
 1067.00    7.43847
 1068.00    7.45793
 1069.00    7.48489
 1070.00    7.45726
 1071.00    7.47916
 1072.00    7.50088
 1073.00    7.46210
 1074.00    7.48314
 1075.00    7.50639
 1076.00    7.48065
 1077.00    7.50272
 1078.00    7.52360
 1079.00    7.48657
 1080.00    7.50681
 1081.00    7.52709
 1082.00    7.50370
 1083.00    7.52774
 1084.00    7.54486
 1085.00    7.51232
 1086.00    7.53441
 1087.00    7.55145
 1088.00    7.51772
 1089.00    7.53749
 1090.00    7.56498
 1091.00    7.53679
 1092.00    7.55858
 1093.00    7.58306
 1094.00    7.54232
 1095.00    7.56340
 1096.00    7.58796
 1097.00    7.56153
 1098.00    7.58402
 1099.00    7.60499
 1100.00    7.56828
 1101.00    7.58885
 1102.00    7.61007
 1103.00    7.58642
 1104.00    7.60962
 1105.00    7.62815
 1106.00    7.59382
 1107.00    7.61393
 1108.00    7.63363
 1109.00    7.61159
 1110.00    7.63592
 1111.00    7.65177
 1112.00    7.62098
 1113.00    7.64267
 1114.00    7.65937
 1115.00    7.62622
 1116.00    7.64688
 1117.00    7.67147
 1118.00    7.64352
 1119.00    7.66621
 1120.00    7.68974
 1121.00    7.64889
 1122.00    7.67128
 1123.00    7.69406
 1124.00    7.66749
 1125.00    7.69039
 1126.00    7.71073
 1127.00    7.67548
 1128.00    7.69683
 1129.00    7.71811
 1130.00    7.69361
 1131.00    7.71745
 1132.00    7.73699
 1133.00    7.69967
 1134.00    7.72149
 1135.00    7.74070
 1136.00    7.70327
 1137.00    7.72496
 1138.00    7.75033
 1139.00    7.72126
 1140.00    7.74341
 1141.00    7.76548
 1142.00    7.72627
 1143.00    7.74901
 1144.00    7.77143
 1145.00    7.74555
 1146.00    7.76759
 1147.00    7.78723
 1148.00    7.75032
 1149.00    7.77182
 1150.00    7.79341
 1151.00    7.77000
 1152.00    7.79227
 1153.00    7.80971
 1154.00    7.77593
 1155.00    7.79795
 1156.00    7.81602
 1157.00    7.78030
 1158.00    7.80104
 1159.00    7.82662
 1160.00    7.79890
 1161.00    7.82033
 1162.00    7.84253
 1163.00    7.80368
 1164.00    7.82588
 1165.00    7.84775
 1166.00    7.82222
 1167.00    7.84433
 1168.00    7.86204
 1169.00    7.82805
 1170.00    7.84940
 1171.00    7.86794
 1172.00    7.83162
 1173.00    7.85221
 1174.00    7.87822
 1175.00    7.84942
 1176.00    7.87050
 1177.00    7.89406
 1178.00    7.85495
 1179.00    7.87505
 1180.00    7.89685
 1181.00    7.85603
 1182.00    7.87545
 1183.00    7.90494
 1184.00    7.87490
 1185.00    7.89461
 1186.00    7.91736
 1187.00    7.87763
 1188.00    7.89755
 1189.00    7.92236
 1190.00    7.89585
 1191.00    7.91700
 1192.00    7.93691
 1193.00    7.90100
 1194.00    7.92212
 1195.00    7.94290
 1196.00    7.91924
 1197.00    7.93999
 1198.00    7.95639
 1199.00    7.92594
 1200.00    7.94601
 1201.00    7.96137
 1202.00    7.93028
 1203.00    7.94873
 1204.00    7.97451
 1205.00    7.94719
 1206.00    7.96855
 1207.00    7.98934
 1208.00    7.95379
 1209.00    7.97372
 1210.00    7.99684
 1211.00    7.97096
 1212.00    7.99208
 1213.00    8.01272
 1214.00    7.97732
 1215.00    7.99791
 1216.00    8.01521
 1217.00    7.98122
 1218.00    8.00007
 1219.00    8.02856
 1220.00    7.99929
 1221.00    8.01832
 1222.00    8.04097
 1223.00    8.00276
 1224.00    8.02195
 1225.00    8.04618
 1226.00    8.01983
 1227.00    8.04126
 1228.00    8.06147
 1229.00    8.02640
 1230.00    8.04650
 1231.00    8.06885
 1232.00    8.04379
 1233.00    8.06498
 1234.00    8.08452
 1235.00    8.05127
 1236.00    8.07153
 1237.00    8.09151
 1238.00    8.05583
 1239.00    8.07382
 1240.00    8.10163
 1241.00    8.07306
 1242.00    8.09164
 1243.00    8.11424
 1244.00    8.07702
 1245.00    8.09670
 1246.00    8.11859
 1247.00    8.09398
 1248.00    8.11440
 1249.00    8.13288
 1250.00    8.10050
 1251.00    8.12024
 1252.00    8.13972
 1253.00    8.11829
 1254.00    8.13796
 1255.00    8.15469
 1256.00    8.12576
 1257.00    8.14503
 1258.00    8.16005
 1259.00    8.13062
 1260.00    8.14835
 1261.00    8.17294
 1262.00    8.14611
 1263.00    8.16659
 1264.00    8.18686
 1265.00    8.15298
 1266.00    8.17339
 1267.00    8.19292
 1268.00    8.16821
 1269.00    8.19060
 1270.00    8.20770
 1271.00    8.17717
 1272.00    8.19735
 1273.00    8.21278
 1274.00    8.18126
 1275.00    8.20038
 1276.00    8.22376
 1277.00    8.19749
 1278.00    8.21867
 1279.00    8.23671
 1280.00    8.20462
 1281.00    8.22352
 1282.00    8.24593
 1283.00    8.22049
 1284.00    8.24250
 1285.00    8.26006
 1286.00    8.22865
 1287.00    8.24876
 1288.00    8.26744
 1289.00    8.23259
 1290.00    8.25068
 1291.00    8.27681
 1292.00    8.25091
 1293.00    8.27010
 1294.00    8.28654
 1295.00    8.25579
 1296.00    8.27432
 1297.00    8.29755
 1298.00    8.26965
 1299.00    8.29252
 1300.00    8.31248
 1301.00    8.27913
 1302.00    8.29806
 1303.00    8.31807
 1304.00    8.29328
 1305.00    8.31587
 1306.00    8.33329
 1307.00    8.30299
 1308.00    8.32308
 1309.00    8.33918
 1310.00    8.30782
 1311.00    8.32810
 1312.00    8.35007
 1313.00    8.32164
 1314.00    8.34374
 1315.00    8.35996
 1316.00    8.32923
 1317.00    8.34778
 1318.00    8.36703
 1319.00    8.33140
 1320.00    8.34987
 1321.00    8.37561
 1322.00    8.34900
 1323.00    8.36856
 1324.00    8.38606
 1325.00    8.35315
 1326.00    8.37162
 1327.00    8.39515
 1328.00    8.36737
 1329.00    8.39076
 1330.00    8.40953
 1331.00    8.37668
 1332.00    8.39543
 1333.00    8.41638
 1334.00    8.39094
 1335.00    8.41314
 1336.00    8.43086
 1337.00    8.40054
 1338.00    8.41970
 1339.00    8.43784
 1340.00    8.41379
 1341.00    8.43653
 1342.00    8.45385
 1343.00    8.42503
 1344.00    8.44531
 1345.00    8.45784
 1346.00    8.43088
 1347.00    8.45000
 1348.00    8.47239
 1349.00    8.44384
 1350.00    8.46464
 1351.00    8.48323
 1352.00    8.45169
 1353.00    8.47131
 1354.00    8.48888
 1355.00    8.45488
 1356.00    8.47435
 1357.00    8.49999
 1358.00    8.47236
 1359.00    8.49097
 1360.00    8.51220
 1361.00    8.47584
 1362.00    8.49398
 1363.00    8.51613
 1364.00    8.48904
 1365.00    8.51219
 1366.00    8.53028
 1367.00    8.49831
 1368.00    8.51710
 1369.00    8.53727
 1370.00    8.51182
 1371.00    8.53417
 1372.00    8.55102
 1373.00    8.52163
 1374.00    8.54161
 1375.00    8.55706
 1376.00    8.52602
 1377.00    8.54496
 1378.00    8.56905
 1379.00    8.54018
 1380.00    8.56135
 1381.00    8.58044
 1382.00    8.54657
 1383.00    8.56471
 1384.00    8.58519
 1385.00    8.55937
 1386.00    8.58217
 1387.00    8.59963
 1388.00    8.56845
 1389.00    8.58871
 1390.00    8.60615
 1391.00    8.58192
 1392.00    8.60461
 1393.00    8.62096
 1394.00    8.59255
 1395.00    8.61286
 1396.00    8.62672
 1397.00    8.59743
 1398.00    8.61604
 1399.00    8.63809
 1400.00    8.61024
 1401.00    8.63315
 1402.00    8.65165
 1403.00    8.61995
 1404.00    8.63951
 1405.00    8.65814
 1406.00    8.63235
 1407.00    8.65424
 1408.00    8.67350
 1409.00    8.64190
 1410.00    8.66214
 1411.00    8.67602
 1412.00    8.64622
 1413.00    8.66513
 1414.00    8.68847
 1415.00    8.65853
 1416.00    8.68058
 1417.00    8.69866
 1418.00    8.66613
 1419.00    8.68349
 1420.00    8.70325
 1421.00    8.66597
 1422.00    8.68460
 1423.00    8.71166
 1424.00    8.68439
 1425.00    8.70229
 1426.00    8.72085
 1427.00    8.68661
 1428.00    8.70402
 1429.00    8.72845
 1430.00    8.69911
 1431.00    8.72199
 1432.00    8.74372
 1433.00    8.70825
 1434.00    8.72567
 1435.00    8.74686
 1436.00    8.72105
 1437.00    8.74313
 1438.00    8.76355
 1439.00    8.72977
 1440.00    8.74810
 1441.00    8.76497
 1442.00    8.73294
 1443.00    8.75088
 1444.00    8.77545
 1445.00    8.75043
 1446.00    8.76816
 1447.00    8.78722
 1448.00    8.75467
 1449.00    8.77178
 1450.00    8.79275
 1451.00    8.75449
 1452.00    8.77724
 1453.00    8.81207
 1454.00    8.77639
 1455.00    8.79679
 1456.00    8.81964
 1457.00    8.77774
 1458.00    8.79646
 1459.00    8.82215
 1460.00    8.79682
 1461.00    8.81415
 1462.00    8.83309
 1463.00    8.79801
 1464.00    8.81648
 1465.00    8.83940
 1466.00    8.81149
 1467.00    8.83547
 1468.00    8.85529
 1469.00    8.82066
 1470.00    8.83880
 1471.00    8.85815
 1472.00    8.82257
 1473.00    8.84089
 1474.00    8.86563
 1475.00    8.83900
 1476.00    8.85764
 1477.00    8.87785
 1478.00    8.84327
 1479.00    8.86127
 1480.00    8.88216
 1481.00    8.85482
 1482.00    8.87858
 1483.00    8.89731
 1484.00    8.86516
 1485.00    8.88330
 1486.00    8.90193
 1487.00    8.86800
 1488.00    8.88587
 1489.00    8.90943
 1490.00    8.88360
 1491.00    8.90399
 1492.00    8.92045
 1493.00    8.88926
 1494.00    8.90829
 1495.00    8.92710
 1496.00    8.90233
 1497.00    8.92477
