      1  6.624764
      2  7.711594
      3  7.375865
      4  7.477888
      5  5.540650
      6  4.756516
      7  4.897656
      8  3.631761
      9  3.554677
     10  3.808563
     11  3.134702
     12  2.308459
     13  2.763588
     14  2.559918
     15  1.962569
     16  2.288620
     17  2.688536
     18  1.886735
     19  1.954063
     20  2.882470
     21  2.417142
     22  1.556797
     23  2.304415
     24  2.752437
     25  1.976152
     26  1.554413
     27  2.440178
     28  2.549501
     29  1.755907
     30  1.650028
     31  2.305359
     32  2.170570
     33  1.440605
     34  1.512955
     35  2.382279
     36  2.188756
     37  1.418985
     38  1.845348
     39  2.757229
     40  2.348479
     41  1.335126
     42  2.331170
     43  2.896981
     44  2.092073
     45  1.878264
     46  3.109624
     47  3.139578
     48  2.204984
     49  2.704644
     50  3.738410
     51  3.357484
     52  2.386577
     53  3.181347
     54  3.863116
     55  3.516182
     56  3.425853
