      1  7.000887
      2  7.286395
      3  7.088128
      4  7.187759
      5  6.444164
      6  5.851288
      7  5.740196
      8  5.078604
      9  4.829590
     10  4.450700
     11  4.153160
     12  3.778196
     13  3.348411
     14  2.973261
     15  2.706235
     16  2.468408
     17  1.784642
     18  1.477393
     19  1.354808
     20  1.910546
     21  1.838239
     22  1.261529
     23  1.357942
     24  1.684971
     25  1.685774
     26  1.626902
     27  1.725533
     28  2.205544
     29  2.345838
     30  1.817143
     31  1.615198
     32  2.894610
     33  3.453056
     34  2.428619
     35  2.111264
     36  3.696509
     37  3.624064
     38  2.102943
     39  2.517004
     40  3.698199
     41  2.693814
     42  1.592764
     43  3.068819
     44  3.141585
     45  1.581968
     46  1.914224
     47  3.280212
     48  2.742064
     49  1.101299
     50  2.592306
     51  3.251628
     52  1.992143
     53  1.543718
     54  3.488324
     55  3.936933
     56  2.126800


