      1  6.435839
      2  7.318516
      3  7.065775
      4  7.392178
      5  5.876007
      6  4.704007
      7  4.736818
      8  3.471128
      9  2.956865
     10  2.747441
     11  2.444496
     12  1.417678
     13  1.412637
     14  2.179699
     15  2.045707
     16  2.142128
     17  1.957961
     18  2.111054
     19  2.417704
     20  2.338079
     21  1.931997
     22  2.292314
     23  2.384239
     24  2.195532
     25  2.067913
     26  2.074270
     27  2.119697
     28  2.169345
     29  2.016970
     30  2.035814
     31  2.243042
     32  2.384834
     33  2.183402
     34  2.044553
     35  2.597070
     36  2.440249
     37  2.303708
     38  2.791815
     39  2.926574
     40  2.665089
     41  2.904216
     42  3.252718
     43  3.145823
     44  3.207711
     45  3.556853
     46  3.571887
     47  3.602849
     48  3.965594
     49  4.023665
     50  3.887633
     51  4.414522
     52  4.896138
     53  4.091830
     54  3.919565
     55  4.964006
     56  5.298060
