      1  6.632900
      2  7.522268
      3  7.124826
      4  7.186167
      5  5.478759
      6  4.787389
      7  4.799449
      8  3.478493
      9  3.066278
     10  2.855716
     11  2.363297
     12  1.329880
     13  1.627589
     14  1.329090
     15  1.093166
     16  1.324645
     17  1.251816
     18  1.168186
     19  1.698392
     20  1.711575
     21  1.319754
     22  1.601852
     23  1.785930
     24  1.487631
     25  1.491149
     26  1.621489
     27  1.684212
     28  1.733754
     29  1.555469
     30  1.519180
     31  1.720739
     32  1.727574
     33  1.151713
     34  1.154909
     35  1.300226
     36  0.897998
     37  1.171742
     38  1.428864
     39  1.010447
     40  0.724403
     41  0.970853
     42  1.003351
     43  0.843483
     44  0.978415
     45  1.227668
     46  1.468157
     47  1.585289
     48  1.626295
     49  1.821801
     50  2.454209
     51  2.549735
     52  1.697315
     53  1.843249
     54  2.523977
     55  2.259342
     56  1.495864


