      1  7.466868
      2  7.925142
      3  7.625541
      4  7.754726
      5  6.850494
      6  6.066155
      7  5.871815
      8  5.065821
      9  4.799956
     10  4.321719
     11  3.843369
     12  3.356466
     13  2.817272
     14  2.580034
     15  1.962534
     16  2.415045
     17  2.403051
     18  1.513617
     19  1.466100
     20  1.864795
     21  1.540534
     22  1.064430
     23  1.279724
     24  1.452884
     25  1.343502
     26  1.340965
     27  1.448672
     28  1.883777
     29  1.984570
     30  1.536465
     31  1.446423
     32  2.679259
     33  3.195051
     34  2.093159
     35  1.911917
     36  3.585237
     37  3.394785
     38  1.853620
     39  2.526293
     40  3.706404
     41  2.618574
     42  1.580018
     43  3.173028
     44  3.204261
     45  1.555969
     46  1.994338
     47  3.401860
     48  2.842385
     49  1.166294
     50  2.697562
     51  3.387184
     52  2.088134
     53  1.543269
     54  3.614027
     55  4.082685
     56  2.213898
