      1  8.093377
      2  9.082539
      3  8.260713
      4  8.619485
      5  6.900668
      6  5.645666
      7  5.129016
      8  3.831481
      9  3.872840
     10  3.796980
     11  2.507395
     12  1.205060
     13  2.440627
     14  2.907388
     15  1.042077
     16  1.787344
     17  2.748712
     18  1.471887
     19  1.323188
     20  2.640843
     21  2.350122
     22  0.992515
     23  2.063205
     24  2.523696
     25  1.554268
     26  0.942185
     27  2.048354
     28  2.092549
     29  1.001621
     30  1.056482
     31  1.871370
     32  1.896550
     33  1.163625
     34  0.877763
     35  1.734874
     36  1.886851
     37  1.372562
     38  1.556820
     39  2.240457
     40  2.113188
     41  1.673202
     42  2.241246
     43  2.532471
     44  2.084488
     45  2.115745
     46  2.880130
     47  2.920024
     48  2.474148
     49  2.785253
     50  3.570245
     51  3.335763
     52  2.245016
     53  2.962794
     54  3.981877
     55  3.226928
     56  2.602853
