      1  7.304483
      2  8.134458
      3  7.466871
      4  7.885199
      5  6.459417
      6  5.295788
      7  4.924947
      8  4.082116
      9  3.401715
     10  2.672836
     11  2.190837
     12  1.609758
     13  2.142981
     14  1.652166
     15  1.669326
     16  2.211136
     17  2.359867
     18  2.014548
     19  2.340855
     20  2.682294
     21  2.338129
     22  2.456043
     23  2.683101
     24  2.698521
     25  2.674883
     26  2.298994
     27  2.364409
     28  2.206552
     29  1.858835
     30  1.990054
     31  2.030625
     32  1.706869
     33  1.494710
     34  1.607735
     35  1.424037
     36  1.002072
     37  0.960779
     38  1.303617
     39  1.400728
     40  1.170485
     41  1.382593
     42  1.844471
     43  1.934517
     44  1.958665
     45  2.241152
     46  2.134155
     47  2.234864
     48  2.476968
     49  2.468362
     50  2.416295
     51  2.458069
     52  2.581905
     53  2.648028
     54  2.698873
     55  3.033686
     56  3.272488
