      1  3.588178
      2  3.463839
      3  3.185108
      4  3.823748
      5  3.298448
      6  2.450966
      7  3.036026
      8  3.071614
      9  3.011730
     10  2.906612
     11  2.906588
     12  2.696429
     13  2.469381
     14  2.845674
     15  2.817004
     16  3.035036
     17  3.019065
     18  2.750650
     19  2.657172
     20  2.721825
     21  2.657263
     22  2.535784
     23  2.457388
     24  2.509722
     25  2.707059
     26  2.881362
     27  2.667848
     28  2.431955
     29  2.564320
     30  2.678627
     31  2.778526
     32  2.665854
     33  2.855637
     34  3.128987
     35  3.429586
     36  3.411355
     37  3.745754
     38  3.746292
     39  3.789195
     40  3.599002
     41  3.430571
     42  3.841834
     43  4.016827
     44  3.687694
     45  3.827100
     46  4.589569
     47  4.438639
     48  3.691891
     49  4.271265
     50  4.993277
     51  4.422854
     52  4.024025
     53  4.994179
     54  5.309594
     55  4.365343
     56  4.761163
