      1  5.376754
      2  5.699816
      3  4.988728
      4  4.664364
      5  3.654551
      6  3.057544
      7  2.779125
      8  2.101703
      9  1.687418
     10  1.652281
     11  1.174614
     12  1.056319
     13  1.548243
     14  1.282522
     15  1.410257
     16  1.700821
     17  1.813316
     18  1.661306
     19  1.889896
     20  2.046196
     21  1.963793
     22  1.964622
     23  1.923570
     24  2.184895
     25  2.288155
     26  1.864264
     27  1.918742
     28  2.104519
     29  1.831410
     30  1.696973
     31  2.035420
     32  2.081037
     33  1.514983
     34  1.358115
     35  1.655552
     36  1.238830
     37  0.911625
     38  1.112748
     39  0.829714
     40  0.600471
     41  0.824646
     42  1.003052
     43  0.859872
     44  1.193495
     45  1.513696
     46  1.120380
     47  1.371766
     48  1.822475
     49  1.616821
     50  1.409436
     51  2.154707
     52  2.487866
     53  1.603603
     54  1.900496
     55  3.053707
     56  2.700057
