      1  8.041093
      2  8.842439
      3  8.539674
      4  8.508010
      5  7.367391
      6  6.400364
      7  6.348539
      8  5.337409
      9  4.951936
     10  4.479153
     11  3.860851
     12  3.075430
     13  2.651167
     14  2.344092
     15  1.597436
     16  1.995949
     17  2.153861
     18  1.207554
     19  1.571900
     20  2.350813
     21  1.637764
     22  0.892297
     23  1.857947
     24  1.754570
     25  0.787080
     26  0.728920
     27  1.461968
     28  1.647306
     29  0.887120
     30  0.665099
     31  1.529314
     32  1.949230
     33  1.559785
     34  0.972512
     35  1.686386
     36  2.534956
     37  2.388041
     38  1.365210
     39  2.039020
     40  2.980192
     41  2.140922
     42  1.691846
     43  3.057711
     44  2.948451
     45  1.720780
     46  2.572227
     47  3.485098
     48  2.789704
     49  2.263103
     50  3.558162
     51  3.621885
     52  2.454458
     53  3.338632
     54  4.318905
     55  3.995009
     56  3.813992
