      1  5.601960
      2  5.871048
      3  5.248979
      4  4.727125
      5  3.500172
      6  3.009280
      7  3.113126
      8  2.158414
      9  1.869724
     10  1.967016
     11  1.732592
     12  1.635324
     13  1.927952
     14  1.775709
     15  1.868685
     16  2.156105
     17  2.086381
     18  1.654094
     19  1.940287
     20  2.153711
     21  1.834775
     22  1.729663
     23  1.916570
     24  1.945300
     25  1.808439
     26  1.523361
     27  1.514939
     28  1.781781
     29  1.552638
     30  1.108850
     31  1.626583
     32  2.213632
     33  1.624292
     34  1.154669
     35  2.138322
     36  1.776861
     37  1.177355
     38  1.941116
     39  2.276254
     40  2.033280
     41  1.789668
     42  2.093773
     43  2.250505
     44  1.907515
     45  1.925534
     46  2.154150
     47  2.067739
     48  1.966202
     49  2.108292
     50  2.247961
     51  2.125185
     52  2.177333
     53  2.370891
     54  2.539230
     55  2.563481
     56  2.723285
