      1  9.844022
      2  9.697140
      3  8.537392
      4  7.972424
      5  8.509215
      6  8.670153
      7  6.739598
      8  5.755437
      9  5.342418
     10  5.508506
     11  5.575784
     12  4.931409
     13  4.555924
     14  5.197363
     15  5.145419
     16  4.168887
     17  3.775573
     18  4.290762
     19  4.295159
     20  3.534290
     21  3.715310
     22  4.150310
     23  3.787079
     24  3.500637
     25  4.134488
     26  4.281053
     27  3.758617
     28  3.825208
     29  3.788935
     30  3.095463
     31  4.234361
     32  4.931597
     33  4.570315
     34  4.295005
     35  4.844337
     36  4.489988
     37  4.190738
     38  3.865850
     39  3.476654
     40  4.243177
     41  4.318817
     42  3.699967
     43  3.608517
     44  4.666186
     45  4.750845
     46  4.343101
     47  5.110812
     48  5.885113
     49  5.866734
     50  6.055269
     51  6.965795
     52  7.400848
     53  7.717229
     54  8.634499
     55  9.274142
     56  11.957582
