      1  10.031604
      2  9.188817
      3  7.777938
      4  7.880132
      5  9.042502
      6  8.318624
      7  6.408482
      8  5.710827
      9  5.134060
     10  4.634747
     11  4.839152
     12  4.519832
     13  3.903001
     14  3.812325
     15  4.001774
     16  3.605193
     17  3.142137
     18  3.272810
     19  3.405547
     20  3.072208
     21  2.919548
     22  3.181876
     23  3.190409
     24  2.912633
     25  3.020495
     26  3.335841
     27  3.309353
     28  3.189299
     29  3.148797
     30  3.109498
     31  3.495238
     32  3.655885
     33  3.859370
     34  3.402745
     35  3.936883
     36  4.067749
     37  3.453162
     38  3.201711
     39  3.666960
     40  4.045442
     41  3.476987
     42  3.725865
     43  4.583902
     44  4.862935
     45  4.583895
     46  4.793933
     47  5.689582
     48  5.829123
     49  5.833287
     50  6.160764
     51  7.068222
     52  7.713833
     53  7.863631
     54  8.787089
     55  9.452126
     56  9.856921
