      1  10.394855
      2  9.868832
      3  8.063589
      4  8.078202
      5  9.417496
      6  8.997354
      7  6.736738
      8  5.749606
      9  5.122268
     10  5.324536
     11  5.342027
     12  4.456030
     13  3.980041
     14  4.286112
     15  4.168847
     16  3.445542
     17  3.395683
     18  3.977321
     19  3.668999
     20  2.917985
     21  2.649988
     22  3.120196
     23  3.047846
     24  2.542512
     25  2.641789
     26  3.187289
     27  3.033034
     28  2.701994
     29  2.426748
     30  3.428956
     31  4.542750
     32  4.707857
     33  5.623457
     34  5.540868
     35  5.745552
     36  5.134262
     37  4.807843
     38  4.559980
     39  3.980372
     40  4.379007
     41  4.696631
     42  4.425060
     43  4.283198
     44  5.026008
     45  5.435102
     46  5.347236
     47  5.798929
     48  6.493060
     49  6.874383
     50  6.935969
     51  7.553226
     52  8.636240
     53  9.226989
     54  9.458384
     55  10.167930
     56  11.574679
