      1  10.982213
      2  10.208626
      3  8.522652
      4  8.209356
      5  9.562556
      6  8.779393
      7  6.718112
      8  6.255436
      9  5.544431
     10  5.303884
     11  5.497065
     12  5.074052
     13  4.566523
     14  3.973603
     15  4.025670
     16  4.143477
     17  3.488999
     18  3.293191
     19  3.549106
     20  3.370628
     21  2.874760
     22  3.154415
     23  3.238021
     24  2.721139
     25  2.795816
     26  3.133206
     27  3.031723
     28  2.700214
     29  2.569513
     30  3.964353
     31  6.019530
     32  6.297364
     33  5.337017
     34  4.823975
     35  3.668230
     36  3.475600
     37  3.912706
     38  3.746181
     39  3.204645
     40  3.636307
     41  3.935195
     42  4.098982
     43  4.004223
     44  4.623122
     45  5.032860
     46  5.245833
     47  5.559502
     48  6.135254
     49  6.638839
     50  6.911059
     51  7.277266
     52  8.221758
     53  9.005185
     54  9.325631
     55  10.284093
     56  12.310280
