      1  10.049460
      2  10.160717
      3  10.140081
      4  8.428027
      5  8.208336
      6  8.845437
      7  7.092620
      8  5.989665
      9  5.448321
     10  5.482668
     11  5.450635
     12  4.841431
     13  4.387317
     14  4.902163
     15  4.800154
     16  3.953366
     17  3.514111
     18  3.838326
     19  4.033435
     20  3.599479
     21  3.528696
     22  3.945846
     23  3.947263
     24  3.702323
     25  4.104173
     26  4.368911
     27  4.085102
     28  4.070072
     29  3.899488
     30  3.874341
     31  4.929810
     32  4.723817
     33  4.934507
     34  4.705211
     35  5.256268
     36  4.846043
     37  4.538790
     38  4.105485
     39  3.698668
     40  4.528119
     41  4.546261
     42  3.790918
     43  3.777539
     44  4.786738
     45  4.795091
     46  4.418265
     47  5.163115
     48  5.806591
     49  5.808897
     50  6.050975
     51  6.817726
     52  7.315018
     53  7.708169
     54  8.471548
     55  8.997763
     56  10.248853
