      1  8.971617
      2  9.401671
      3  7.832132
      4  7.035662
      5  8.437888
      6  8.097781
      7  5.983089
      8  4.879205
      9  4.476168
     10  4.573330
     11  4.673033
     12  4.161132
     13  3.594373
     14  3.648447
     15  3.857759
     16  3.528590
     17  3.097410
     18  3.478704
     19  3.675085
     20  3.319350
     21  3.299584
     22  3.706910
     23  3.748141
     24  3.386356
     25  3.716368
     26  4.189833
     27  3.788005
     28  3.636358
     29  3.010321
     30  2.623839
     31  3.952475
     32  4.531254
     33  4.824124
     34  4.756675
     35  5.921306
     36  5.217018
     37  4.463470
     38  4.668827
     39  4.381747
     40  4.842960
     41  4.962503
     42  4.702836
     43  4.494811
     44  5.195889
     45  5.407874
     46  5.426459
     47  5.858813
     48  6.322344
     49  6.575983
     50  6.967914
     51  7.366728
     52  7.916095
     53  8.562784
     54  9.251880
     55  9.765684
     56  11.596994
