      1  10.378592
      2  9.959855
      3  8.827078
      4  7.472042
      5  7.956219
      6  7.792574
      7  5.846699
      8  5.412679
      9  4.821511
     10  4.437189
     11  4.526710
     12  4.158578
     13  3.547043
     14  3.402897
     15  3.500861
     16  3.165403
     17  2.731234
     18  2.903971
     19  2.918832
     20  2.740498
     21  2.611561
     22  2.777051
     23  3.005278
     24  2.881576
     25  2.958612
     26  3.184593
     27  3.314284
     28  3.219628
     29  2.700083
     30  3.578666
     31  4.565910
     32  4.312553
     33  4.190008
     34  3.615153
     35  4.024095
     36  3.819491
     37  3.139753
     38  2.699302
     39  3.076241
     40  3.727777
     41  3.259134
     42  3.119901
     43  3.977299
     44  5.150674
     45  5.079173
     46  4.700013
     47  5.538913
     48  6.362760
     49  6.453372
     50  6.588761
     51  7.601489
     52  8.056178
     53  8.549360
     54  9.572209
     55  10.544211
     56  12.070093
