      1  9.842828
      2  8.870264
      3  7.403516
      4  7.196864
      5  8.258542
      6  7.315896
      7  5.747648
      8  5.578035
      9  5.086911
     10  4.748749
     11  4.850486
     12  4.660204
     13  4.173838
     14  3.833657
     15  4.008859
     16  3.802235
     17  3.348425
     18  3.265692
     19  3.480169
     20  3.431001
     21  3.128181
     22  3.248683
     23  3.662924
     24  3.471015
     25  3.215343
     26  3.755197
     27  4.000195
     28  3.692804
     29  2.632106
     30  3.007411
     31  4.898481
     32  4.768861
     33  4.141624
     34  3.802148
     35  4.237654
     36  4.440151
     37  3.960133
     38  3.566130
     39  3.936142
     40  4.510127
     41  4.021549
     42  3.920187
     43  4.664127
     44  5.231592
     45  4.897892
     46  5.092629
     47  6.149700
     48  6.528356
     49  6.278519
     50  6.927932
     51  7.967606
     52  8.038224
     53  8.414238
     54  9.537521
     55  10.099455
     56  12.649830
