      1  8.309798
      2  8.036034
      3  6.893776
      4  6.383799
      5  7.084991
      6  6.512071
      7  5.380792
      8  4.986765
      9  4.751833
     10  4.802131
     11  4.679389
     12  4.245364
     13  3.987011
     14  4.143954
     15  4.108161
     16  3.703264
     17  3.600164
     18  3.671166
     19  3.622309
     20  3.503290
     21  3.589265
     22  3.656080
     23  3.835619
     24  3.881404
     25  3.862337
     26  4.276886
     27  4.437643
     28  4.416926
     29  2.974255
     30  2.351703
     31  3.074115
     32  3.921587
     33  4.127998
     34  3.752247
     35  4.288845
     36  4.394794
     37  3.842746
     38  3.487601
     39  3.859122
     40  4.258183
     41  3.728602
     42  3.774760
     43  4.575833
     44  4.985634
     45  4.639128
     46  4.770272
     47  5.952252
     48  6.722639
     49  6.560330
     50  6.968876
     51  8.271605
     52  8.808566
     53  8.936583
     54  9.980831
     55  11.249850
     56  12.783321
