      1  10.788837
      2  10.486089
      3  9.097922
      4  8.207778
      5  8.779537
      6  8.880089
      7  6.904292
      8  5.869209
      9  5.234785
     10  5.254607
     11  5.339938
     12  4.784901
     13  4.190381
     14  4.301245
     15  4.430467
     16  3.857244
     17  3.286332
     18  3.441370
     19  3.648675
     20  3.242007
     21  3.004667
     22  3.406570
     23  3.582782
     24  3.126836
     25  3.424064
     26  3.925658
     27  3.663495
     28  3.364840
     29  2.575186
     30  2.856462
     31  4.624593
     32  5.674571
     33  5.351373
     34  4.897959
     35  4.970130
     36  4.458485
     37  4.259182
     38  4.118220
     39  3.544735
     40  3.991586
     41  4.291002
     42  4.109030
     43  3.752696
     44  4.609868
     45  5.094003
     46  4.890021
     47  5.290315
     48  6.103916
     49  6.479914
     50  6.549812
     51  7.304573
     52  8.124440
     53  8.577198
     54  9.421243
     55  10.478388
     56  13.221391
