      1  9.187405
      2  9.090407
      3  7.794092
      4  6.830575
      5  7.178737
      6  7.346846
      7  5.726441
      8  4.887799
      9  4.322889
     10  4.587463
     11  4.563100
     12  3.920569
     13  3.588100
     14  3.748307
     15  3.631974
     16  3.104663
     17  2.890048
     18  3.029616
     19  3.188680
     20  3.005248
     21  2.860676
     22  3.142768
     23  3.537033
     24  3.358384
     25  2.805573
     26  3.221211
     27  3.944699
     28  3.761484
     29  2.972503
     30  2.763153
     31  4.112839
     32  4.698446
     33  5.506614
     34  6.219539
     35  7.146089
     36  6.381726
     37  5.663746
     38  6.536265
     39  6.305150
     40  6.620074
     41  6.400784
     42  6.093392
     43  5.886816
     44  6.356229
     45  6.442556
     46  6.048522
     47  6.364473
     48  7.080839
     49  7.257882
     50  7.117707
     51  7.784299
     52  8.427943
     53  8.637405
     54  9.034630
     55  9.911414
     56  9.584627
