    1.00    0.00000
    2.00    0.21235
    3.00    0.21172
    4.00    0.20327
    5.00    0.40017
    6.00    0.38569
    7.00    0.07634
    8.00    0.58261
    9.00    0.56296
   10.00    0.21050
   11.00    0.76066
   12.00    0.74079
   13.00    0.38998
   14.00    0.92697
   15.00    0.91911
   16.00    0.56607
   17.00    1.09814
   18.00    1.08044
   19.00    0.73310
   20.00    1.26745
   21.00    1.25038
   22.00    0.90588
   23.00    1.43026
   24.00    1.42268
   25.00    1.07294
   26.00    1.28063
   27.00    1.25595
   28.00    1.57824
   29.00    1.43143
   30.00    1.46548
   31.00    1.72585
   32.00    1.90152
   33.00    1.89666
   34.00    1.54678
   35.00    1.74090
   36.00    1.77324
   37.00    2.05914
   38.00    1.89848
   39.00    1.93295
   40.00    2.21720
   41.00    2.39039
   42.00    2.39129
   43.00    2.03820
   44.00    2.22529
   45.00    2.25159
   46.00    2.55279
   47.00    2.38593
   48.00    2.41790
   49.00    2.71575
   50.00    2.88306
   51.00    2.84181
   52.00    2.54159
   53.00    2.71224
   54.00    2.73604
   55.00    3.04666
   56.00    3.21659
   57.00    3.21310
   58.00    2.87281
   59.00    3.03470
   60.00    3.02445
   61.00    3.38414
   62.00    3.54619
   63.00    3.51479
   64.00    3.21206
   65.00    3.70804
   66.00    3.70683
   67.00    3.36982
   68.00    3.86381
   69.00    3.83580
   70.00    3.53334
   71.00    4.02200
   72.00    4.02017
   73.00    3.68683
   74.00    4.17820
   75.00    4.15588
   76.00    3.84469
   77.00    3.99407
   78.00    4.00466
   79.00    4.35621
   80.00    4.18009
   81.00    4.18983
   82.00    4.53247
   83.00    4.70576
   84.00    4.67803
   85.00    4.35556
   86.00    4.52238
   87.00    4.53341
   88.00    4.88203
   89.00    5.05207
   90.00    5.02597
   91.00    4.70517
   92.00    4.86439
   93.00    4.87590
   94.00    5.22805
   95.00    5.39631
   96.00    5.37278
   97.00    5.05086
   98.00    5.20744
   99.00    5.21915
  100.00    5.57218
  101.00    5.73652
  102.00    5.71810
  103.00    5.39533
  104.00    5.54601
  105.00    5.55655
  106.00    5.91126
  107.00    5.73003
  108.00    5.73994
  109.00    6.08462
  110.00    6.25220
  111.00    6.23297
  112.00    5.90634
  113.00    6.06362
  114.00    6.07339
  115.00    6.42387
  116.00    6.58949
  117.00    6.57051
  118.00    6.24613
  119.00    6.39806
  120.00    6.40804
  121.00    6.76106
  122.00    6.92342
  123.00    6.90620
  124.00    6.58591
  125.00    6.73352
  126.00    6.74100
  127.00    7.09525
  128.00    7.25717
  129.00    7.24097
  130.00    6.91839
  131.00    7.41260
  132.00    7.39734
  133.00    7.07932
  134.00    7.56722
  135.00    7.56086
  136.00    7.23314
  137.00    7.37676
  138.00    7.38570
  139.00    7.74316
  140.00    7.56099
  141.00    7.56668
  142.00    7.91798
  143.00    8.08513
  144.00    8.06966
  145.00    7.74484
  146.00    8.23987
  147.00    8.22744
  148.00    7.90852
  149.00    8.04762
  150.00    8.05594
  151.00    8.41543
  152.00    8.57710
  153.00    8.56394
  154.00    8.24035
  155.00    8.38495
  156.00    8.39235
  157.00    8.75278
  158.00    8.91438
  159.00    8.90108
  160.00    8.57879
  161.00    9.06544
  162.00    9.05820
  163.00    8.73959
  164.00    9.21528
  165.00    9.20933
  166.00    8.89146
  167.00    9.02338
  168.00    9.02933
  169.00    9.39351
  170.00    9.55534
  171.00    9.54879
  172.00    9.22045
  173.00    9.70903
  174.00    9.69252
  175.00    9.38363
  176.00    9.50093
  177.00    9.50013
  178.00    9.87057
  179.00   10.03372
  180.00   10.02625
  181.00    9.69834
  182.00    9.85078
  183.00    9.85607
  184.00   10.20671
  185.00   10.36961
  186.00   10.34971
  187.00   10.03837
  188.00   10.52249
  189.00   10.50280
  190.00   10.20150
  191.00   10.67535
  192.00   10.66568
  193.00   10.35439
  194.00   10.48572
  195.00   10.48367
  196.00   10.84992
  197.00   11.01312
  198.00   10.99422
  199.00   10.68207
  200.00   11.16761
  201.00   11.15744
  202.00   10.84539
  203.00   11.31992
  204.00   11.31297
  205.00   11.00025
  206.00   11.47070
  207.00   11.46361
  208.00   11.15178
  209.00   11.62176
  210.00   11.61569
  211.00   11.30272
  212.00   11.77407
  213.00   11.76619
  214.00   11.45417
  215.00   11.92603
  216.00   11.91831
  217.00   11.60745
  218.00   12.07798
  219.00   12.07093
  220.00   11.75880
  221.00   12.22322
  222.00   12.21174
  223.00   11.91230
  224.00   12.36965
  225.00   12.35760
  226.00   12.05768
  227.00   12.51650
  228.00   12.50273
  229.00   12.20302
  230.00   12.66322
  231.00   12.64964
  232.00   12.35107
  233.00   12.81403
  234.00   12.80581
  235.00   12.49633
  236.00   12.95766
  237.00   12.95060
  238.00   12.63868
  239.00   13.10241
  240.00   13.09332
  241.00   12.78303
  242.00   13.25589
  243.00   13.24810
  244.00   12.93351
  245.00   13.40003
  246.00   13.39246
  247.00   13.07919
  248.00   13.54185
  249.00   13.52917
  250.00   13.23748
  251.00   13.68969
  252.00   13.67876
  253.00   13.38611
  254.00   13.83649
  255.00   13.82629
  256.00   13.53419
  257.00   13.98491
  258.00   13.97219
  259.00   13.67990
  260.00   13.81155
  261.00   13.81133
  262.00   14.15645
  263.00   13.98764
  264.00   13.99008
  265.00   14.33130
  266.00   14.48442
  267.00   14.48495
  268.00   14.17274
  269.00   14.30961
  270.00   14.30028
  271.00   14.65871
  272.00   14.81807
  273.00   14.80477
  274.00   14.50430
  275.00   14.97059
  276.00   14.95746
  277.00   14.66010
  278.00   15.11552
  279.00   15.10563
  280.00   14.81412
  281.00   15.25889
  282.00   15.24363
  283.00   14.95925
  284.00   15.40262
  285.00   15.38714
  286.00   15.10207
  287.00   15.54743
  288.00   15.53043
  289.00   15.24482
  290.00   15.69029
  291.00   15.67685
  292.00   15.39171
  293.00   15.83493
  294.00   15.82064
  295.00   15.53559
  296.00   15.97904
  297.00   15.96219
  298.00   15.68052
  299.00   16.12409
  300.00   16.11295
  301.00   15.82409
  302.00   16.26791
  303.00   16.25694
  304.00   15.97189
  305.00   16.40556
  306.00   16.39511
  307.00   16.11681
  308.00   16.54300
  309.00   16.53072
  310.00   16.25375
  311.00   16.68232
  312.00   16.67054
  313.00   16.39185
  314.00   16.50382
  315.00   16.49709
  316.00   16.85440
  317.00   16.99567
  318.00   16.96497
  319.00   16.72215
  320.00   17.12155
  321.00   17.08579
  322.00   16.86298
  323.00   17.24969
  324.00   17.20554
  325.00   16.98789
  326.00   17.37485
  327.00   17.34782
  328.00   17.11445
  329.00   17.48102
  330.00   17.46574
  331.00   17.20019
  332.00   17.61167
  333.00   17.58155
  334.00   17.34461
  335.00   17.41100
  336.00   17.40032
  337.00   17.75070
  338.00   17.59882
  339.00   17.67735
  340.00   17.87698
  341.00   17.72661
  342.00   17.80824
  343.00   18.00776
  344.00   17.86518
  345.00   17.91431
  346.00   18.11699
  347.00   18.19301
  348.00   18.21058
  349.00   18.00854
  350.00   18.18379
  351.00   18.26584
  352.00   18.20250
  353.00   18.14534
  354.00   18.27499
  355.00   18.33804
  356.00   18.33900
  357.00   18.26339
  358.00   18.40254
  359.00   18.38938
  360.00   18.36111
  361.00   18.47761
  362.00   18.47504
  363.00   18.49247
  364.00   18.43256
  365.00   18.44486
  366.00   18.41762
  367.00   18.52462
  368.00   18.52385
  369.00   18.49684
  370.00   18.54846
  371.00   18.51577
  372.00   18.52494
  373.00   18.56740
  374.00   18.52030
  375.00   18.47634
  376.00   18.61755
  377.00   18.63603
  378.00   18.59886
  379.00   18.61866
  380.00   18.65665
  381.00   18.61842
  382.00   18.62180
  383.00   18.61808
  384.00   18.58724
  385.00   18.63770
  386.00   18.61250
  387.00   18.62150
  388.00   18.68698
  389.00   18.67560
  390.00   18.70594
  391.00   18.68702
  392.00   18.65977
  393.00   18.69522
  394.00   18.73104
  395.00   18.67444
  396.00   18.71244
  397.00   18.69166
  398.00   18.70409
  399.00   18.68814
  400.00   18.69176
  401.00   18.68178
  402.00   18.63136
  403.00   18.67700
  404.00   18.63050
  405.00   18.68401
  406.00   18.72535
  407.00   18.65973
  408.00   18.68160
  409.00   18.70659
  410.00   18.66749
  411.00   18.64320
  412.00   18.69500
  413.00   18.60156
  414.00   18.64906
  415.00   18.67154
  416.00   18.65028
  417.00   18.64406
  418.00   18.69381
  419.00   18.62282
  420.00   18.64509
  421.00   18.66639
  422.00   18.63407
  423.00   18.63915
  424.00   18.64851
  425.00   18.59265
  426.00   18.64007
  427.00   18.67386
  428.00   18.65659
  429.00   18.64497
  430.00   18.68783
  431.00   18.60939
  432.00   18.62087
  433.00   18.66478
  434.00   18.61145
  435.00   18.66306
  436.00   18.70940
  437.00   18.69967
  438.00   18.72806
  439.00   18.72914
  440.00   18.68622
  441.00   18.73365
  442.00   18.78378
  443.00   18.76354
  444.00   18.75280
  445.00   18.80515
  446.00   18.81164
  447.00   18.77759
  448.00   18.79396
  449.00   18.81336
  450.00   18.75352
  451.00   18.77994
  452.00   18.75564
  453.00   18.76764
  454.00   18.81249
  455.00   18.69198
  456.00   18.73419
  457.00   18.89510
  458.00   18.90823
  459.00   18.85985
  460.00   18.89854
  461.00   18.90859
  462.00   18.90945
  463.00   18.90107
  464.00   18.89273
  465.00   18.90482
  466.00   18.90850
  467.00   18.88357
  468.00   18.89403
  469.00   18.98303
  470.00   18.90178
  471.00   18.90155
  472.00   18.90696
  473.00   18.87639
  474.00   18.91492
  475.00   18.91694
  476.00   18.85999
  477.00   18.87649
  478.00   18.85953
  479.00   18.85721
  480.00   18.84318
  481.00   18.85712
  482.00   18.82452
  483.00   18.83806
  484.00   18.83870
  485.00   18.78558
  486.00   18.84254
  487.00   18.84286
  488.00   18.73815
  489.00   18.84704
  490.00   18.84659
  491.00   18.80188
  492.00   18.83546
  493.00   18.81762
  494.00   18.79871
  495.00   18.80729
  496.00   18.79161
  497.00   18.79245
  498.00   18.69487
  499.00   18.86736
  500.00   18.67494
  501.00   18.66423
  502.00   18.74989
  503.00   18.77426
  504.00   18.74295
  505.00   18.68935
  506.00   18.81096
  507.00   18.71467
  508.00   18.72287
  509.00   18.75260
  510.00   18.71142
  511.00   18.67918
  512.00   18.67400
  513.00   18.69783
  514.00   18.63740
  515.00   18.71325
  516.00   18.70357
  517.00   18.67730
  518.00   18.77529
  519.00   18.65724
  520.00   18.66447
  521.00   18.82489
  522.00   18.72015
  523.00   18.76017
  524.00   18.69189
  525.00   18.63209
  526.00   18.77599
  527.00   18.69309
  528.00   18.66336
  529.00   18.61799
  530.00   18.61966
  531.00   18.59257
  532.00   18.66507
  533.00   18.69320
  534.00   18.64882
  535.00   18.59157
  536.00   18.60300
  537.00   18.49993
  538.00   18.62796
  539.00   18.44279
  540.00   18.44399
  541.00   18.60623
  542.00   18.60914
  543.00   18.58220
  544.00   18.65466
  545.00   18.69138
  546.00   18.71964
  547.00   18.60110
  548.00   18.68228
  549.00   18.60691
  550.00   18.56479
  551.00   18.57855
  552.00   18.54393
  553.00   18.66116
  554.00   18.52629
  555.00   18.50909
  556.00   18.53557
  557.00   18.60075
  558.00   18.57300
  559.00   18.48418
  560.00   18.60579
  561.00   18.53733
  562.00   18.40397
  563.00   18.62676
  564.00   18.57271
  565.00   18.46770
  566.00   18.49243
  567.00   18.54956
  568.00   18.40790
  569.00   18.62416
  570.00   18.52266
  571.00   18.47849
  572.00   18.55852
  573.00   18.55628
  574.00   18.50997
  575.00   18.55247
  576.00   18.58522
  577.00   18.45131
  578.00   18.61213
  579.00   18.53887
  580.00   18.48401
  581.00   18.52669
  582.00   18.44379
  583.00   18.54627
  584.00   18.36529
  585.00   18.39131
  586.00   18.54238
  587.00   18.32394
  588.00   18.32973
  589.00   18.46629
  590.00   18.25939
  591.00   18.34036
  592.00   18.40308
  593.00   18.41625
  594.00   18.47648
  595.00   18.36961
  596.00   18.42582
  597.00   18.38746
  598.00   18.41564
  599.00   18.35473
  600.00   18.39193
  601.00   18.42378
  602.00   18.36365
  603.00   18.30736
  604.00   18.42263
  605.00   18.32962
  606.00   18.38039
  607.00   18.26107
  608.00   18.45066
  609.00   18.39721
  610.00   18.29804
  611.00   18.43707
  612.00   18.42096
  613.00   18.43825
  614.00   18.39832
  615.00   18.37223
  616.00   18.46404
  617.00   18.36459
  618.00   18.28977
  619.00   18.36492
  620.00   18.25821
  621.00   18.27165
  622.00   18.30282
  623.00   18.25280
  624.00   18.29759
  625.00   18.31685
  626.00   18.24630
  627.00   18.25719
  628.00   18.34196
  629.00   18.35944
  630.00   18.23871
  631.00   18.37177
  632.00   18.21997
  633.00   18.25978
  634.00   18.29524
  635.00   18.28586
  636.00   18.31795
  637.00   18.34496
  638.00   18.34468
  639.00   18.33815
  640.00   18.39977
  641.00   18.45541
  642.00   18.45712
  643.00   18.37457
  644.00   18.39011
  645.00   18.39863
  646.00   18.51749
  647.00   18.41513
  648.00   18.35702
  649.00   18.37596
  650.00   18.38789
  651.00   18.30682
  652.00   18.36997
  653.00   18.34847
  654.00   18.34155
  655.00   18.31137
  656.00   18.30767
  657.00   18.40056
  658.00   18.26999
  659.00   18.29102
  660.00   18.31296
  661.00   18.27000
  662.00   18.28947
  663.00   18.39641
  664.00   18.26464
  665.00   18.19978
  666.00   18.31662
  667.00   18.32613
  668.00   18.28503
  669.00   18.40063
  670.00   18.28380
  671.00   18.40341
  672.00   18.39950
  673.00   18.43335
  674.00   18.38283
  675.00   18.31290
  676.00   18.42969
  677.00   18.35420
  678.00   18.36290
  679.00   18.31037
  680.00   18.40565
  681.00   18.31762
  682.00   18.27594
  683.00   18.38295
  684.00   18.48071
  685.00   18.37611
  686.00   18.48547
  687.00   18.54910
  688.00   18.45992
  689.00   18.42676
  690.00   18.49266
  691.00   18.54480
  692.00   18.52900
  693.00   18.47462
  694.00   18.56660
  695.00   18.43446
  696.00   18.49809
  697.00   18.50364
  698.00   18.53281
  699.00   18.54475
  700.00   18.51541
  701.00   18.50433
  702.00   18.48582
  703.00   18.59105
  704.00   18.67556
  705.00   18.57773
  706.00   18.52202
  707.00   18.69737
  708.00   18.70440
  709.00   18.68578
  710.00   18.62027
  711.00   18.61770
  712.00   18.69192
  713.00   18.67711
  714.00   18.59488
  715.00   18.58606
  716.00   18.56553
  717.00   18.57849
  718.00   18.65079
  719.00   18.69124
  720.00   18.62493
  721.00   18.60256
  722.00   18.70543
  723.00   18.67969
  724.00   18.63635
  725.00   18.66179
  726.00   18.61115
  727.00   18.60496
  728.00   18.68024
  729.00   18.61927
  730.00   18.60634
  731.00   18.62841
  732.00   18.63567
  733.00   18.58825
  734.00   18.62462
  735.00   18.63045
  736.00   18.60878
  737.00   18.61196
  738.00   18.57069
  739.00   18.64997
  740.00   18.58326
  741.00   18.56006
  742.00   18.59506
  743.00   18.57253
  744.00   18.61835
  745.00   18.56785
  746.00   18.53821
  747.00   18.48422
  748.00   18.57451
  749.00   18.47616
  750.00   18.45274
  751.00   18.58953
  752.00   18.43764
  753.00   18.42703
  754.00   18.47463
  755.00   18.45204
  756.00   18.40420
  757.00   18.48430
  758.00   18.39087
  759.00   18.45127
  760.00   18.51205
  761.00   18.38633
  762.00   18.46212
  763.00   18.37900
  764.00   18.42027
  765.00   18.46362
  766.00   18.50153
  767.00   18.46059
  768.00   18.50950
  769.00   18.51654
  770.00   18.50776
  771.00   18.48461
  772.00   18.53398
  773.00   18.49413
  774.00   18.47619
  775.00   18.56827
  776.00   18.55124
  777.00   18.49637
  778.00   18.61154
  779.00   18.52357
  780.00   18.56295
  781.00   18.45676
  782.00   18.54292
  783.00   18.51012
  784.00   18.53988
  785.00   18.59384
  786.00   18.59429
  787.00   18.52948
  788.00   18.47677
  789.00   18.53203
  790.00   18.56714
  791.00   18.56009
  792.00   18.55664
  793.00   18.60449
  794.00   18.52765
  795.00   18.54727
  796.00   18.62188
  797.00   18.59905
  798.00   18.65018
  799.00   18.60861
  800.00   18.57962
  801.00   18.58869
  802.00   18.65699
  803.00   18.50982
  804.00   18.58542
  805.00   18.60958
  806.00   18.58998
  807.00   18.65878
  808.00   18.53163
  809.00   18.62026
  810.00   18.62489
  811.00   18.66072
  812.00   18.57926
  813.00   18.65329
  814.00   18.61034
  815.00   18.63906
  816.00   18.70759
  817.00   18.65515
  818.00   18.57860
  819.00   18.58625
  820.00   18.67127
  821.00   18.61949
  822.00   18.55162
  823.00   18.57080
  824.00   18.54718
  825.00   18.48627
  826.00   18.61789
  827.00   18.55336
  828.00   18.62606
  829.00   18.50506
  830.00   18.52404
  831.00   18.58762
  832.00   18.46445
  833.00   18.54667
  834.00   18.59949
  835.00   18.46513
  836.00   18.49446
  837.00   18.54046
  838.00   18.59899
  839.00   18.58498
  840.00   18.60117
  841.00   18.52751
  842.00   18.57167
  843.00   18.60938
  844.00   18.50424
  845.00   18.47508
  846.00   18.41710
  847.00   18.55433
  848.00   18.54448
  849.00   18.55611
  850.00   18.54704
  851.00   18.58237
  852.00   18.63870
  853.00   18.51553
  854.00   18.56846
  855.00   18.57886
  856.00   18.48301
  857.00   18.48627
  858.00   18.57150
  859.00   18.63250
  860.00   18.55982
  861.00   18.55738
  862.00   18.68382
  863.00   18.51570
  864.00   18.55419
  865.00   18.60638
  866.00   18.56539
  867.00   18.51788
  868.00   18.65909
  869.00   18.63859
  870.00   18.63163
  871.00   18.67275
  872.00   18.55292
  873.00   18.59654
  874.00   18.68870
  875.00   18.52067
  876.00   18.53477
  877.00   18.61619
  878.00   18.57176
  879.00   18.53471
  880.00   18.49778
  881.00   18.53630
  882.00   18.56470
  883.00   18.47150
  884.00   18.39440
  885.00   18.45584
  886.00   18.53288
  887.00   18.56394
  888.00   18.54900
  889.00   18.52191
  890.00   18.54366
  891.00   18.54406
  892.00   18.51457
  893.00   18.45215
  894.00   18.47834
  895.00   18.55666
  896.00   18.51624
  897.00   18.47815
  898.00   18.40940
  899.00   18.55247
  900.00   18.54867
  901.00   18.44726
  902.00   18.44241
  903.00   18.52530
  904.00   18.42531
  905.00   18.55263
  906.00   18.52535
  907.00   18.45775
  908.00   18.49675
  909.00   18.47276
  910.00   18.55389
  911.00   18.39895
  912.00   18.45663
  913.00   18.56982
  914.00   18.47678
  915.00   18.55276
  916.00   18.65740
  917.00   18.72011
  918.00   18.62477
  919.00   18.58536
  920.00   18.67533
  921.00   18.67978
  922.00   18.61810
  923.00   18.58955
  924.00   18.62906
  925.00   18.62532
  926.00   18.61020
  927.00   18.59680
  928.00   18.68960
  929.00   18.66238
  930.00   18.60626
  931.00   18.69033
  932.00   18.52834
  933.00   18.61104
  934.00   18.64987
  935.00   18.58840
  936.00   18.63084
  937.00   18.57613
  938.00   18.60390
  939.00   18.71096
  940.00   18.58765
  941.00   18.46858
  942.00   18.60100
  943.00   18.64292
  944.00   18.61139
  945.00   18.70581
  946.00   18.61729
  947.00   18.58029
  948.00   18.64711
  949.00   18.58668
  950.00   18.56374
  951.00   18.64156
  952.00   18.66948
  953.00   18.58838
  954.00   18.61720
  955.00   18.69313
  956.00   18.50355
  957.00   18.64037
  958.00   18.66062
  959.00   18.41889
  960.00   18.52239
  961.00   18.55625
  962.00   18.51720
  963.00   18.51508
  964.00   18.59959
  965.00   18.56363
  966.00   18.47407
  967.00   18.48474
  968.00   18.53954
  969.00   18.63746
  970.00   18.54603
  971.00   18.41522
  972.00   18.56900
  973.00   18.58862
  974.00   18.47697
  975.00   18.59519
  976.00   18.60954
  977.00   18.58323
  978.00   18.53655
  979.00   18.65127
  980.00   18.58577
  981.00   18.53146
  982.00   18.53828
  983.00   18.50655
  984.00   18.62634
  985.00   18.48700
  986.00   18.47160
  987.00   18.42498
  988.00   18.53291
  989.00   18.40844
  990.00   18.41976
  991.00   18.48418
  992.00   18.39262
  993.00   18.38186
  994.00   18.47723
  995.00   18.33622
  996.00   18.32692
  997.00   18.47063
  998.00   18.30939
  999.00   18.31947
 1000.00   18.27386
 1001.00   18.39678
 1002.00   18.25038
 1003.00   18.30344
 1004.00   18.36788
 1005.00   18.38048
 1006.00   18.34583
 1007.00   18.43663
 1008.00   18.33653
 1009.00   18.35039
 1010.00   18.40283
 1011.00   18.42823
 1012.00   18.40885
 1013.00   18.38942
 1014.00   18.43250
 1015.00   18.40877
 1016.00   18.40642
 1017.00   18.33535
 1018.00   18.49991
 1019.00   18.26485
 1020.00   18.36581
 1021.00   18.34919
 1022.00   18.36656
 1023.00   18.33916
 1024.00   18.32995
 1025.00   18.31301
 1026.00   18.33198
 1027.00   18.33545
 1028.00   18.25147
 1029.00   18.23128
 1030.00   18.33906
 1031.00   18.25351
 1032.00   18.30782
 1033.00   18.19337
 1034.00   18.22512
 1035.00   18.15978
 1036.00   18.31505
 1037.00   18.32098
 1038.00   18.29039
 1039.00   18.37829
 1040.00   18.34776
 1041.00   18.39573
 1042.00   18.27269
 1043.00   18.25616
 1044.00   18.26138
 1045.00   18.39446
 1046.00   18.23530
 1047.00   18.26510
 1048.00   18.22845
 1049.00   18.19652
 1050.00   18.15774
 1051.00   18.29887
 1052.00   18.13507
 1053.00   18.23417
 1054.00   18.15564
 1055.00   18.14896
 1056.00   18.24154
 1057.00   18.10678
 1058.00   18.30299
 1059.00   18.27423
 1060.00   18.21041
 1061.00   18.18415
 1062.00   18.20424
 1063.00   18.19878
 1064.00   18.21766
 1065.00   18.20163
 1066.00   18.24781
 1067.00   18.27472
 1068.00   18.13142
 1069.00   18.18356
 1070.00   18.33668
 1071.00   18.29431
 1072.00   18.24830
 1073.00   18.30183
 1074.00   18.21228
 1075.00   18.23556
 1076.00   18.23265
 1077.00   18.28615
 1078.00   18.15773
 1079.00   18.22478
 1080.00   18.11615
 1081.00   18.13150
 1082.00   18.11795
 1083.00   18.13430
 1084.00   18.08659
 1085.00   18.19424
 1086.00   18.19360
 1087.00   18.09111
 1088.00   18.15600
 1089.00   18.11569
 1090.00   18.00819
 1091.00   18.13743
 1092.00   18.05255
 1093.00   18.17964
 1094.00   18.12369
 1095.00   18.23215
 1096.00   18.09095
 1097.00   18.13802
 1098.00   18.08715
 1099.00   18.00309
 1100.00   18.09558
 1101.00   18.16102
 1102.00   18.21979
 1103.00   18.15303
 1104.00   18.13277
 1105.00   18.25321
 1106.00   18.12733
 1107.00   18.01547
 1108.00   18.14325
 1109.00   18.07979
 1110.00   18.02831
 1111.00   18.12724
 1112.00   18.09881
 1113.00   18.18592
 1114.00   18.03106
 1115.00   18.06648
 1116.00   18.11379
 1117.00   17.97324
 1118.00   18.08846
 1119.00   18.13382
 1120.00   18.00707
 1121.00   18.07393
 1122.00   18.09961
 1123.00   18.01503
 1124.00   18.01669
 1125.00   18.03976
 1126.00   17.93431
 1127.00   18.04327
 1128.00   18.03736
 1129.00   17.96620
 1130.00   18.04032
 1131.00   17.95043
 1132.00   17.90222
 1133.00   17.99489
 1134.00   17.90777
 1135.00   17.84655
 1136.00   17.93749
 1137.00   17.85228
 1138.00   17.80157
 1139.00   17.90881
 1140.00   17.81809
 1141.00   17.74994
 1142.00   17.97778
 1143.00   17.91974
 1144.00   17.85961
 1145.00   17.97278
 1146.00   17.90596
 1147.00   17.79963
 1148.00   17.83092
 1149.00   17.81658
 1150.00   17.73995
 1151.00   17.77961
 1152.00   17.76542
 1153.00   17.64791
 1154.00   17.78866
 1155.00   17.82571
 1156.00   17.70368
 1157.00   17.80038
 1158.00   17.82438
 1159.00   17.67737
 1160.00   17.86167
 1161.00   17.89277
 1162.00   17.72688
 1163.00   17.79573
 1164.00   17.82833
 1165.00   17.66534
 1166.00   17.75706
 1167.00   17.74337
 1168.00   17.58646
 1169.00   17.79752
 1170.00   17.85003
 1171.00   17.69844
 1172.00   17.81819
 1173.00   17.74828
 1174.00   17.76987
 1175.00   17.68112
 1176.00   17.65399
 1177.00   17.77894
 1178.00   17.66350
 1179.00   17.76958
 1180.00   17.61583
 1181.00   17.77716
 1182.00   17.71400
 1183.00   17.73870
 1184.00   17.71233
 1185.00   17.68156
 1186.00   17.75792
 1187.00   17.70799
 1188.00   17.67072
 1189.00   17.64523
 1190.00   17.72612
 1191.00   17.75241
 1192.00   17.60416
 1193.00   17.72307
 1194.00   17.75124
 1195.00   17.74893
 1196.00   17.74265
 1197.00   17.69953
 1198.00   17.64117
 1199.00   17.66272
 1200.00   17.70106
 1201.00   17.71588
 1202.00   17.70608
 1203.00   17.79238
 1204.00   17.68595
 1205.00   17.69509
 1206.00   17.79600
 1207.00   17.63239
 1208.00   17.77271
 1209.00   17.78257
 1210.00   17.79144
 1211.00   17.69761
 1212.00   17.69990
 1213.00   17.83613
 1214.00   17.64385
 1215.00   17.64906
 1216.00   17.70403
 1217.00   17.53395
 1218.00   17.57055
 1219.00   17.71502
 1220.00   17.65618
 1221.00   17.67460
 1222.00   17.72132
 1223.00   17.66556
 1224.00   17.59130
 1225.00   17.68171
 1226.00   17.64750
 1227.00   17.60154
 1228.00   17.65478
 1229.00   17.61987
 1230.00   17.55750
 1231.00   17.66866
 1232.00   17.47754
 1233.00   17.43648
 1234.00   17.62792
 1235.00   17.56907
 1236.00   17.55019
 1237.00   17.64791
 1238.00   17.63024
 1239.00   17.57991
 1240.00   17.68880
 1241.00   17.65201
 1242.00   17.77611
 1243.00   17.70227
 1244.00   17.70964
 1245.00   17.76630
 1246.00   17.72742
 1247.00   17.77127
 1248.00   17.81768
 1249.00   17.78284
 1250.00   17.86577
 1251.00   17.83008
 1252.00   17.82460
 1253.00   17.86545
 1254.00   17.91032
 1255.00   17.86711
 1256.00   17.86187
 1257.00   17.91313
 1258.00   17.83922
 1259.00   17.88718
 1260.00   17.84119
 1261.00   17.81721
 1262.00   17.87564
 1263.00   17.91204
 1264.00   17.77894
 1265.00   17.89557
 1266.00   17.83907
 1267.00   17.85054
 1268.00   17.88247
 1269.00   17.94561
 1270.00   17.82525
 1271.00   18.00065
 1272.00   18.00290
 1273.00   17.89027
 1274.00   17.98204
 1275.00   18.06744
 1276.00   17.99964
 1277.00   18.05306
 1278.00   18.13041
 1279.00   18.03676
 1280.00   18.10331
 1281.00   18.03410
 1282.00   18.13394
 1283.00   18.09529
 1284.00   18.06249
 1285.00   18.15823
 1286.00   18.05597
 1287.00   18.10858
 1288.00   18.09321
 1289.00   18.05989
 1290.00   18.14708
 1291.00   18.12579
 1292.00   18.09520
 1293.00   18.18041
 1294.00   18.15014
 1295.00   18.16876
 1296.00   18.14558
 1297.00   18.21375
 1298.00   18.13743
 1299.00   18.20434
 1300.00   18.18114
 1301.00   18.17998
 1302.00   18.22469
 1303.00   18.09991
 1304.00   18.15779
 1305.00   18.17846
 1306.00   18.04715
 1307.00   18.07855
 1308.00   18.05055
 1309.00   18.00449
 1310.00   18.05882
 1311.00   18.08215
 1312.00   17.89909
 1313.00   18.09816
 1314.00   18.13314
 1315.00   17.98300
 1316.00   18.01718
 1317.00   18.09034
 1318.00   17.92237
 1319.00   18.02570
 1320.00   18.06312
 1321.00   18.14615
 1322.00   18.11500
 1323.00   18.19018
 1324.00   18.13300
 1325.00   18.14407
 1326.00   18.17778
 1327.00   18.08414
 1328.00   18.14011
 1329.00   18.18943
 1330.00   18.14242
 1331.00   18.16690
 1332.00   18.21736
 1333.00   18.10915
 1334.00   18.03139
 1335.00   18.09490
 1336.00   18.17499
 1337.00   18.14255
 1338.00   18.18743
 1339.00   18.21820
 1340.00   18.16984
 1341.00   18.27690
 1342.00   18.22799
 1343.00   18.22001
 1344.00   18.27658
 1345.00   18.22932
 1346.00   18.20511
 1347.00   18.26684
 1348.00   18.23675
 1349.00   18.21270
 1350.00   18.26687
 1351.00   18.25073
 1352.00   18.20877
 1353.00   18.28937
 1354.00   18.25097
 1355.00   18.23880
 1356.00   18.34188
 1357.00   18.26193
 1358.00   18.28716
 1359.00   18.39705
 1360.00   18.32086
 1361.00   18.32634
 1362.00   18.40989
 1363.00   18.31646
 1364.00   18.26022
 1365.00   18.38629
 1366.00   18.30918
 1367.00   18.37456
 1368.00   18.44106
 1369.00   18.38320
 1370.00   18.41543
 1371.00   18.47229
 1372.00   18.41590
 1373.00   18.42619
 1374.00   18.47606
 1375.00   18.36845
 1376.00   18.52027
 1377.00   18.52508
 1378.00   18.42157
 1379.00   18.35321
 1380.00   18.49939
 1381.00   18.41318
 1382.00   18.44864
 1383.00   18.53298
 1384.00   18.46269
 1385.00   18.49024
 1386.00   18.52325
 1387.00   18.40619
 1388.00   18.37291
 1389.00   18.37058
 1390.00   18.35366
 1391.00   18.27004
 1392.00   18.29957
 1393.00   18.39804
 1394.00   18.26312
 1395.00   18.28207
 1396.00   18.28261
 1397.00   18.25591
 1398.00   18.35862
 1399.00   18.22907
 1400.00   18.20831
 1401.00   18.31048
 1402.00   18.19614
 1403.00   18.18030
 1404.00   18.13641
 1405.00   18.19162
 1406.00   18.15042
 1407.00   18.13849
 1408.00   18.19438
 1409.00   18.12297
 1410.00   18.20760
 1411.00   18.13767
 1412.00   18.08131
 1413.00   18.14871
 1414.00   18.14174
 1415.00   17.99064
 1416.00   18.10952
 1417.00   18.14463
 1418.00   18.22207
 1419.00   18.21056
 1420.00   18.10170
 1421.00   18.18859
 1422.00   18.19053
 1423.00   18.03240
 1424.00   18.16742
 1425.00   18.15283
 1426.00   18.16090
 1427.00   18.13599
 1428.00   18.14363
 1429.00   18.12514
 1430.00   18.14882
 1431.00   18.20172
 1432.00   18.12162
 1433.00   18.13542
 1434.00   18.08174
 1435.00   18.12061
 1436.00   18.17262
 1437.00   18.17726
 1438.00   18.07871
 1439.00   18.17689
 1440.00   18.13318
 1441.00   18.15550
 1442.00   18.16233
 1443.00   18.09270
 1444.00   18.12069
 1445.00   18.13614
 1446.00   18.07306
 1447.00   18.08857
 1448.00   18.14789
 1449.00   18.22905
 1450.00   18.09817
 1451.00   18.12990
 1452.00   18.20171
 1453.00   18.05538
 1454.00   18.12827
 1455.00   18.16618
 1456.00   17.98055
 1457.00   18.19160
 1458.00   18.24223
 1459.00   18.14249
 1460.00   18.12390
 1461.00   18.10154
 1462.00   18.15353
 1463.00   18.18306
 1464.00   18.24392
 1465.00   18.07465
 1466.00   18.19917
 1467.00   18.13082
 1468.00   18.27185
 1469.00   18.17547
 1470.00   18.25562
 1471.00   18.20866
 1472.00   18.25253
 1473.00   18.30460
 1474.00   18.23883
 1475.00   18.26256
 1476.00   18.24266
 1477.00   18.17170
 1478.00   18.23795
 1479.00   18.22696
 1480.00   18.21286
 1481.00   18.25514
 1482.00   18.23408
 1483.00   18.13322
 1484.00   18.20150
 1485.00   18.28488
 1486.00   18.28863
 1487.00   18.31204
 1488.00   18.25260
 1489.00   18.25510
 1490.00   18.29171
 1491.00   18.27952
 1492.00   18.14741
 1493.00   18.34854
 1494.00   18.34544
 1495.00   18.18714
 1496.00   18.41112
 1497.00   18.38231
