    1.00    0.00000
    2.00    0.19616
    3.00    0.18688
    4.00    0.19755
    5.00    0.38704
    6.00    0.35493
    7.00    0.07409
    8.00    0.57952
    9.00    0.54825
   10.00    0.20903
   11.00    0.77307
   12.00    0.74224
   13.00    0.39546
   14.00    0.96588
   15.00    0.93512
   16.00    0.58980
   17.00    1.15579
   18.00    1.12649
   19.00    0.77984
   20.00    1.33726
   21.00    1.32108
   22.00    0.96944
   23.00    1.52319
   24.00    1.50071
   25.00    1.15329
   26.00    1.70381
   27.00    1.68883
   28.00    1.34061
   29.00    1.57588
   30.00    1.57071
   31.00    1.85339
   32.00    1.70434
   33.00    1.69267
   34.00    2.00948
   35.00    1.84466
   36.00    1.83643
   37.00    2.16710
   38.00    1.99682
   39.00    2.03153
   40.00    2.32821
   41.00    2.48968
   42.00    2.48807
   43.00    2.15491
   44.00    2.31031
   45.00    2.30523
   46.00    2.66227
   47.00    2.48466
   48.00    2.51581
   49.00    2.82351
   50.00    2.98430
   51.00    2.98162
   52.00    2.64524
   53.00    2.80858
   54.00    2.83837
   55.00    3.15310
   56.00    3.31415
   57.00    3.31400
   58.00    2.97528
   59.00    3.47225
   60.00    3.47067
   61.00    3.14365
   62.00    3.63001
   63.00    3.62640
   64.00    3.30444
   65.00    3.45256
   66.00    3.44725
   67.00    3.80797
   68.00    3.62752
   69.00    3.62181
   70.00    3.98121
   71.00    4.13573
   72.00    4.10842
   73.00    3.80770
   74.00    4.29128
   75.00    4.29186
   76.00    3.96684
   77.00    4.44605
   78.00    4.41706
   79.00    4.12098
   80.00    4.60358
   81.00    4.57777
   82.00    4.27158
   83.00    4.76491
   84.00    4.73976
   85.00    4.42641
   86.00    4.93054
   87.00    4.92059
   88.00    4.58514
   89.00    5.09714
   90.00    5.06764
   91.00    4.75276
   92.00    5.26697
   93.00    5.25350
   94.00    4.91743
   95.00    5.43318
   96.00    5.40722
   97.00    5.09111
   98.00    5.60160
   99.00    5.57626
  100.00    5.25764
  101.00    5.77202
  102.00    5.76479
  103.00    5.42464
  104.00    5.94171
  105.00    5.91886
  106.00    5.59781
  107.00    6.11278
  108.00    6.08958
  109.00    5.76867
  110.00    6.28406
  111.00    6.26186
  112.00    5.93885
  113.00    6.45678
  114.00    6.44861
  115.00    6.11040
  116.00    6.62518
  117.00    6.60883
  118.00    6.28545
  119.00    6.46482
  120.00    6.47056
  121.00    6.79843
  122.00    6.63217
  123.00    6.63789
  124.00    6.97367
  125.00    7.13728
  126.00    7.12345
  127.00    6.81248
  128.00    7.29868
  129.00    7.29368
  130.00    6.96649
  131.00    7.12973
  132.00    7.13717
  133.00    7.47601
  134.00    7.63857
  135.00    7.63512
  136.00    7.31111
  137.00    7.78945
  138.00    7.77625
  139.00    7.46836
  140.00    7.94783
  141.00    7.93317
  142.00    7.62254
  143.00    8.10871
  144.00    8.09271
  145.00    7.78151
  146.00    8.27225
  147.00    8.26579
  148.00    7.93953
  149.00    8.42816
  150.00    8.42401
  151.00    8.09863
  152.00    8.26074
  153.00    8.26669
  154.00    8.60443
  155.00    8.76678
  156.00    8.76302
  157.00    8.43900
  158.00    8.59679
  159.00    8.60215
  160.00    8.94340
  161.00    8.77345
  162.00    8.77847
  163.00    9.12345
  164.00    9.28266
  165.00    9.27050
  166.00    8.96848
  167.00    9.10729
  168.00    9.11451
  169.00    9.45954
  170.00    9.61486
  171.00    9.60334
  172.00    9.30191
  173.00    9.43713
  174.00    9.44298
  175.00    9.79237
  176.00    9.94653
  177.00    9.94489
  178.00    9.63358
  179.00    9.76530
  180.00    9.77206
  181.00   10.12125
  182.00   10.27445
  183.00   10.27171
  184.00    9.96200
  185.00   10.09171
  186.00   10.09836
  187.00   10.44931
  188.00   10.60231
  189.00   10.59901
  190.00   10.28832
  191.00   10.41714
  192.00   10.42342
  193.00   10.77884
  194.00   10.92926
  195.00   10.92849
  196.00   10.61794
  197.00   11.07406
  198.00   11.07028
  199.00   10.76786
  200.00   11.21714
  201.00   11.21299
  202.00   10.91395
  203.00   11.04068
  204.00   11.04528
  205.00   11.39247
  206.00   11.22254
  207.00   11.22733
  208.00   11.57155
  209.00   11.40194
  210.00   11.40680
  211.00   11.74971
  212.00   11.90418
  213.00   11.89975
  214.00   11.58410
  215.00   11.72585
  216.00   11.72886
  217.00   12.07553
  218.00   11.90233
  219.00   11.90747
  220.00   12.24394
  221.00   12.07220
  222.00   12.07988
  223.00   12.40624
  224.00   12.23072
  225.00   12.22440
  226.00   12.57223
  227.00   12.39609
  228.00   12.39636
  229.00   12.73350
  230.00   12.56442
  231.00   12.56575
  232.00   12.89674
  233.00   12.72748
  234.00   12.71957
  235.00   13.05947
  236.00   13.22679
  237.00   13.21836
  238.00   12.88183
  239.00   13.04773
  240.00   13.06680
  241.00   13.37836
  242.00   13.21109
  243.00   13.22799
  244.00   13.53105
  245.00   13.36324
  246.00   13.35706
  247.00   13.68326
  248.00   13.51700
  249.00   13.51245
  250.00   13.83564
  251.00   14.00785
  252.00   13.99426
  253.00   13.66224
  254.00   14.16022
  255.00   14.15018
  256.00   13.82149
  257.00   14.30826
  258.00   14.29961
  259.00   13.97896
  260.00   14.45406
  261.00   14.44658
  262.00   14.13008
  263.00   14.59741
  264.00   14.59101
  265.00   14.27971
  266.00   14.42257
  267.00   14.43398
  268.00   14.75916
  269.00   14.91710
  270.00   14.90931
  271.00   14.59865
  272.00   15.06116
  273.00   15.05541
  274.00   14.74920
  275.00   15.20697
  276.00   15.20238
  277.00   14.89869
  278.00   15.34606
  279.00   15.34700
  280.00   15.04948
  281.00   15.49019
  282.00   15.49127
  283.00   15.19870
  284.00   15.63941
  285.00   15.63658
  286.00   15.35081
  287.00   15.78735
  288.00   15.78474
  289.00   15.49552
  290.00   15.93477
  291.00   15.93246
  292.00   15.64706
  293.00   16.08489
  294.00   16.06789
  295.00   15.79799
  296.00   16.23619
  297.00   16.21702
  298.00   15.94558
  299.00   16.07330
  300.00   16.07773
  301.00   16.41751
  302.00   16.56361
  303.00   16.56304
  304.00   16.27676
  305.00   16.39931
  306.00   16.40344
  307.00   16.73751
  308.00   16.88251
  309.00   16.88243
  310.00   16.59586
  311.00   17.02478
  312.00   17.02563
  313.00   16.73967
  314.00   17.16463
  315.00   17.17410
  316.00   16.88403
  317.00   17.31754
  318.00   17.31887
  319.00   17.03563
  320.00   17.15690
  321.00   17.14526
  322.00   17.49296
  323.00   17.63464
  324.00   17.63582
  325.00   17.35412
  326.00   17.47287
  327.00   17.46301
  328.00   17.80798
  329.00   17.94478
  330.00   17.94803
  331.00   17.66877
  332.00   18.06653
  333.00   18.06287
  334.00   17.83510
  335.00   18.18749
  336.00   18.18205
  337.00   17.95324
  338.00   18.30288
  339.00   18.30334
  340.00   18.08677
  341.00   18.16391
  342.00   18.15874
  343.00   18.45713
  344.00   18.37559
  345.00   18.40849
  346.00   18.55552
  347.00   18.49118
  348.00   18.48543
  349.00   18.33624
  350.00   18.36927
  351.00   18.45612
  352.00   18.59602
  353.00   18.51888
  354.00   18.52732
  355.00   18.40937
  356.00   18.56568
  357.00   18.60611
  358.00   18.51323
  359.00   18.57241
  360.00   18.56189
  361.00   18.66116
  362.00   18.65218
  363.00   18.64135
  364.00   18.50689
  365.00   18.58249
  366.00   18.59687
  367.00   18.75178
  368.00   18.64989
  369.00   18.66747
  370.00   18.59533
  371.00   18.75558
  372.00   18.73119
  373.00   18.61955
  374.00   18.70770
  375.00   18.73565
  376.00   18.77402
  377.00   18.74928
  378.00   18.75894
  379.00   18.79465
  380.00   18.80615
  381.00   18.77355
  382.00   18.73797
  383.00   18.68147
  384.00   18.70180
  385.00   18.83767
  386.00   18.63440
  387.00   18.67557
  388.00   18.78197
  389.00   18.64808
  390.00   18.62816
  391.00   18.73491
  392.00   18.69456
  393.00   18.66848
  394.00   18.61039
  395.00   18.68386
  396.00   18.64561
  397.00   18.57911
  398.00   18.70278
  399.00   18.73057
  400.00   18.57997
  401.00   18.78761
  402.00   18.81958
  403.00   18.67744
  404.00   18.77058
  405.00   18.81535
  406.00   18.85413
  407.00   18.77776
  408.00   18.81052
  409.00   18.84076
  410.00   18.78179
  411.00   18.79653
  412.00   18.83890
  413.00   18.79638
  414.00   18.75816
  415.00   18.79782
  416.00   18.77801
  417.00   18.79463
  418.00   18.84540
  419.00   18.77555
  420.00   18.79218
  421.00   18.80560
  422.00   18.76330
  423.00   18.80671
  424.00   18.82169
  425.00   18.77980
  426.00   18.82902
  427.00   18.86385
  428.00   18.84493
  429.00   18.82448
  430.00   18.80908
  431.00   18.82683
  432.00   18.81658
  433.00   18.80909
  434.00   18.79195
  435.00   18.82921
  436.00   18.82554
  437.00   18.84357
  438.00   18.79343
  439.00   18.84286
  440.00   18.80622
  441.00   18.84808
  442.00   18.82242
  443.00   18.77962
  444.00   18.89197
  445.00   18.91637
  446.00   18.78974
  447.00   18.74986
  448.00   18.75283
  449.00   18.72922
  450.00   18.73212
  451.00   18.85011
  452.00   18.67030
  453.00   18.65876
  454.00   18.78432
  455.00   18.60867
  456.00   18.60661
  457.00   18.73706
  458.00   18.54614
  459.00   18.54664
  460.00   18.66906
  461.00   18.47743
  462.00   18.48813
  463.00   18.60619
  464.00   18.53784
  465.00   18.57143
  466.00   18.39485
  467.00   18.63542
  468.00   18.63213
  469.00   18.52971
  470.00   18.68050
  471.00   18.70625
  472.00   18.59210
  473.00   18.61404
  474.00   18.59977
  475.00   18.74047
  476.00   18.55077
  477.00   18.53430
  478.00   18.67216
  479.00   18.58928
  480.00   18.62890
  481.00   18.43925
  482.00   18.53444
  483.00   18.53957
  484.00   18.73340
  485.00   18.47905
  486.00   18.47312
  487.00   18.59672
  488.00   18.36731
  489.00   18.39407
  490.00   18.56586
  491.00   18.47152
  492.00   18.50991
  493.00   18.64056
  494.00   18.43425
  495.00   18.45427
  496.00   18.57799
  497.00   18.36874
  498.00   18.37804
  499.00   18.55101
  500.00   18.29484
  501.00   18.27790
  502.00   18.50297
  503.00   18.55281
  504.00   18.57257
  505.00   18.40984
  506.00   18.62270
  507.00   18.64697
  508.00   18.50054
  509.00   18.63652
  510.00   18.70615
  511.00   18.61983
  512.00   18.68127
  513.00   18.69175
  514.00   18.58292
  515.00   18.74715
  516.00   18.73820
  517.00   18.61093
  518.00   18.69701
  519.00   18.68020
  520.00   18.80202
  521.00   18.72156
  522.00   18.73526
  523.00   18.66018
  524.00   18.62066
  525.00   18.72831
  526.00   18.79522
  527.00   18.74914
  528.00   18.68101
  529.00   18.68081
  530.00   18.65371
  531.00   18.75666
  532.00   18.80672
  533.00   18.71029
  534.00   18.82582
  535.00   18.76159
  536.00   18.85956
  537.00   18.89137
  538.00   18.79082
  539.00   18.81596
  540.00   18.79894
  541.00   18.78218
  542.00   18.77442
  543.00   18.84500
  544.00   18.83386
  545.00   18.81482
  546.00   18.85212
  547.00   18.86064
  548.00   18.80636
  549.00   18.91987
  550.00   18.77778
  551.00   18.93135
  552.00   19.01986
  553.00   18.86559
  554.00   18.98310
  555.00   18.95907
  556.00   19.03185
  557.00   18.97612
  558.00   19.01539
  559.00   18.97681
  560.00   18.95875
  561.00   19.01597
  562.00   19.05629
  563.00   19.01761
  564.00   19.02420
  565.00   18.88133
  566.00   19.01918
  567.00   19.09543
  568.00   18.96997
  569.00   19.04181
  570.00   19.08409
  571.00   18.92068
  572.00   19.02686
  573.00   19.01170
  574.00   19.06377
  575.00   19.03045
  576.00   19.03606
  577.00   18.99717
  578.00   19.00665
  579.00   18.98363
  580.00   19.08307
  581.00   18.93316
  582.00   18.95699
  583.00   19.05701
  584.00   18.90783
  585.00   18.91833
  586.00   19.02109
  587.00   18.87881
  588.00   18.85423
  589.00   18.94042
  590.00   18.80327
  591.00   18.87624
  592.00   18.86981
  593.00   18.77797
  594.00   18.89082
  595.00   18.78609
  596.00   18.85521
  597.00   18.97278
  598.00   18.88017
  599.00   18.90846
  600.00   18.97930
  601.00   19.02430
  602.00   18.94947
  603.00   18.93710
  604.00   18.99994
  605.00   18.86914
  606.00   18.94299
  607.00   18.98589
  608.00   19.00913
  609.00   19.05598
  610.00   18.93654
  611.00   19.02228
  612.00   19.05876
  613.00   18.99617
  614.00   19.01843
  615.00   19.07499
  616.00   19.01981
  617.00   19.02099
  618.00   19.06164
  619.00   19.02855
  620.00   19.01007
  621.00   18.94970
  622.00   19.05427
  623.00   19.06644
  624.00   18.93287
  625.00   18.99827
  626.00   19.08318
  627.00   19.03988
  628.00   19.03224
  629.00   19.05135
  630.00   19.02570
  631.00   19.11447
  632.00   19.09613
  633.00   19.08848
  634.00   19.14196
  635.00   19.09359
  636.00   19.15193
  637.00   19.08378
  638.00   19.11799
  639.00   19.17288
  640.00   19.19047
  641.00   19.14434
  642.00   19.11908
  643.00   19.18730
  644.00   19.10739
  645.00   19.12282
  646.00   19.12763
  647.00   19.11892
  648.00   19.05001
  649.00   19.08921
  650.00   19.04512
  651.00   19.14106
  652.00   19.05619
  653.00   19.07158
  654.00   19.12852
  655.00   19.09121
  656.00   19.10813
  657.00   19.07335
  658.00   19.08257
  659.00   19.03084
  660.00   18.96039
  661.00   19.11015
  662.00   19.15024
  663.00   19.09842
  664.00   19.08576
  665.00   19.06330
  666.00   19.01530
  667.00   19.11866
  668.00   19.04481
  669.00   18.98303
  670.00   18.96503
  671.00   19.03348
  672.00   19.03139
  673.00   18.96928
  674.00   18.91432
  675.00   18.90644
  676.00   19.03114
  677.00   18.90546
  678.00   18.88289
  679.00   18.89691
  680.00   18.94275
  681.00   18.96083
  682.00   18.91306
  683.00   18.91038
  684.00   18.98543
  685.00   18.92432
  686.00   18.96019
  687.00   18.91417
  688.00   18.89284
  689.00   18.92940
  690.00   18.90540
  691.00   18.89730
  692.00   18.92975
  693.00   18.87562
  694.00   18.87262
  695.00   18.87911
  696.00   18.88512
  697.00   18.85541
  698.00   18.88070
  699.00   18.84292
  700.00   18.81602
  701.00   18.86027
  702.00   18.84148
  703.00   18.78613
  704.00   18.85829
  705.00   18.90011
  706.00   18.79261
  707.00   18.80053
  708.00   18.89571
  709.00   18.89888
  710.00   18.91501
  711.00   18.96756
  712.00   18.88437
  713.00   18.91235
  714.00   18.94467
  715.00   18.84534
  716.00   18.91246
  717.00   18.91781
  718.00   18.88684
  719.00   18.94519
  720.00   18.95745
  721.00   18.89979
  722.00   18.88671
  723.00   18.98847
  724.00   18.98994
  725.00   18.97892
  726.00   18.95487
  727.00   19.00132
  728.00   18.97845
  729.00   19.05546
  730.00   18.94325
  731.00   19.03339
  732.00   19.04508
  733.00   19.05520
  734.00   19.08593
  735.00   19.12410
  736.00   19.00930
  737.00   19.06298
  738.00   19.09487
  739.00   19.06079
  740.00   19.01035
  741.00   19.00744
  742.00   19.13526
  743.00   19.10789
  744.00   19.09844
  745.00   19.15383
  746.00   19.05343
  747.00   19.15164
  748.00   19.13480
  749.00   18.99306
  750.00   18.97512
  751.00   19.08026
  752.00   19.01762
  753.00   19.01064
  754.00   19.15908
  755.00   19.16741
  756.00   19.14492
  757.00   19.16203
  758.00   19.15178
  759.00   19.13399
  760.00   19.14566
  761.00   19.14008
  762.00   19.14312
  763.00   19.11334
  764.00   19.10454
  765.00   19.11888
  766.00   19.11200
  767.00   19.12903
  768.00   19.21402
  769.00   19.10845
  770.00   19.08945
  771.00   19.07103
  772.00   19.13243
  773.00   19.07734
  774.00   19.04017
  775.00   19.08513
  776.00   19.07576
  777.00   19.16940
  778.00   19.06916
  779.00   19.05450
  780.00   19.09602
  781.00   19.08856
  782.00   18.96309
  783.00   18.99832
  784.00   19.15946
  785.00   18.93163
  786.00   18.93180
  787.00   19.09007
  788.00   19.13695
  789.00   19.14339
  790.00   19.05780
  791.00   19.16188
  792.00   19.14481
  793.00   19.14259
  794.00   19.09237
  795.00   19.13593
  796.00   19.22055
  797.00   19.05237
  798.00   19.14992
  799.00   19.20787
  800.00   19.14575
  801.00   19.16393
  802.00   19.27563
  803.00   19.15788
  804.00   19.17277
  805.00   19.17993
  806.00   19.12665
  807.00   19.17453
  808.00   19.19167
  809.00   19.16625
  810.00   19.16272
  811.00   19.25139
  812.00   19.12155
  813.00   19.09509
  814.00   19.21263
  815.00   19.07781
  816.00   19.10534
  817.00   19.18801
  818.00   19.15461
  819.00   19.18647
  820.00   19.25571
  821.00   19.09185
  822.00   19.16046
  823.00   19.23009
  824.00   19.12231
  825.00   19.14754
  826.00   19.05974
  827.00   19.05061
  828.00   19.15124
  829.00   19.08308
  830.00   19.14139
  831.00   19.10917
  832.00   19.21015
  833.00   19.19083
  834.00   19.22604
  835.00   19.27607
  836.00   19.22001
  837.00   19.24930
  838.00   19.18593
  839.00   19.15502
  840.00   19.18109
  841.00   19.31850
  842.00   19.32082
  843.00   19.37386
  844.00   19.28387
  845.00   19.31339
  846.00   19.30537
  847.00   19.44391
  848.00   19.31766
  849.00   19.36704
  850.00   19.28055
  851.00   19.33131
  852.00   19.29829
  853.00   19.45309
  854.00   19.26227
  855.00   19.29568
  856.00   19.35756
  857.00   19.23704
  858.00   19.25641
  859.00   19.37167
  860.00   19.23379
  861.00   19.28612
  862.00   19.25293
  863.00   19.24126
  864.00   19.22685
  865.00   19.32515
  866.00   19.17037
  867.00   19.17105
  868.00   19.30343
  869.00   19.17450
  870.00   19.23767
  871.00   19.18868
  872.00   19.17812
  873.00   19.17370
  874.00   19.29310
  875.00   19.12280
  876.00   19.11751
  877.00   19.21385
  878.00   19.11219
  879.00   19.09275
  880.00   19.14768
  881.00   19.10983
  882.00   19.09122
  883.00   19.09156
  884.00   19.04079
  885.00   19.06349
  886.00   19.11333
  887.00   19.03632
  888.00   18.97667
  889.00   19.02798
  890.00   18.96456
  891.00   18.91700
  892.00   19.02712
  893.00   18.92673
  894.00   19.00599
  895.00   18.88727
  896.00   19.00457
  897.00   19.06673
  898.00   18.99895
  899.00   18.99488
  900.00   19.04841
  901.00   18.99079
  902.00   19.06932
  903.00   18.99850
  904.00   19.06416
  905.00   18.98871
  906.00   18.96580
  907.00   18.98253
  908.00   18.94429
  909.00   19.04305
  910.00   18.99596
  911.00   18.97701
  912.00   18.99960
  913.00   18.99722
  914.00   18.99343
  915.00   18.93535
  916.00   19.00005
  917.00   18.95595
  918.00   19.05837
  919.00   19.03315
  920.00   19.03182
  921.00   18.98924
  922.00   19.05928
  923.00   18.94017
  924.00   18.96260
  925.00   19.03343
  926.00   18.97867
  927.00   19.04930
  928.00   18.92757
  929.00   19.03383
  930.00   19.00012
  931.00   19.02882
  932.00   18.98914
  933.00   19.07427
  934.00   19.00521
  935.00   19.11008
  936.00   19.11784
  937.00   19.07894
  938.00   19.05456
  939.00   19.10157
  940.00   19.14174
  941.00   19.08600
  942.00   19.05090
  943.00   19.14798
  944.00   19.09037
  945.00   19.15947
  946.00   19.08528
  947.00   19.05877
  948.00   19.07680
  949.00   19.09506
  950.00   19.08445
  951.00   19.12408
  952.00   19.05522
  953.00   19.11231
  954.00   19.20534
  955.00   19.11069
  956.00   19.08667
  957.00   19.16843
  958.00   19.12530
  959.00   19.20304
  960.00   19.19323
  961.00   19.17470
  962.00   19.17816
  963.00   19.20081
  964.00   19.19884
  965.00   19.22217
  966.00   19.27054
  967.00   19.20995
  968.00   19.21239
  969.00   19.20052
  970.00   19.26649
  971.00   19.13312
  972.00   19.18789
  973.00   19.26912
  974.00   19.13296
  975.00   19.11875
  976.00   19.16136
  977.00   19.12538
  978.00   19.14601
  979.00   19.18843
  980.00   19.11227
  981.00   19.09264
  982.00   19.17254
  983.00   19.15798
  984.00   19.10975
  985.00   19.01268
  986.00   19.12116
  987.00   19.11422
  988.00   19.20555
  989.00   19.05034
  990.00   19.15346
  991.00   19.16582
  992.00   19.11211
  993.00   19.10661
  994.00   19.21496
  995.00   19.07277
  996.00   19.07408
  997.00   19.15723
  998.00   19.01254
  999.00   19.03190
 1000.00   19.11435
 1001.00   19.00601
 1002.00   19.06608
 1003.00   19.07565
 1004.00   19.07080
 1005.00   19.05919
 1006.00   19.09949
 1007.00   19.04901
 1008.00   19.05343
 1009.00   19.05836
 1010.00   19.09324
 1011.00   19.09772
 1012.00   18.99100
 1013.00   19.04950
 1014.00   19.04604
 1015.00   19.15916
 1016.00   19.08158
 1017.00   19.10669
 1018.00   19.02881
 1019.00   19.09865
 1020.00   19.06822
 1021.00   19.07965
 1022.00   19.08452
 1023.00   19.09528
 1024.00   19.07544
 1025.00   19.09896
 1026.00   19.13721
 1027.00   19.09901
 1028.00   19.09711
 1029.00   19.08115
 1030.00   19.20684
 1031.00   19.21609
 1032.00   19.26010
 1033.00   19.18219
 1034.00   19.22991
 1035.00   19.27495
 1036.00   19.24766
 1037.00   19.28408
 1038.00   19.30219
 1039.00   19.25104
 1040.00   19.26356
 1041.00   19.22942
 1042.00   19.32490
 1043.00   19.27691
 1044.00   19.30591
 1045.00   19.22451
 1046.00   19.32336
 1047.00   19.26728
 1048.00   19.23500
 1049.00   19.27434
 1050.00   19.24141
 1051.00   19.26428
 1052.00   19.25219
 1053.00   19.26998
 1054.00   19.31762
 1055.00   19.29539
 1056.00   19.23673
 1057.00   19.23267
 1058.00   19.22271
 1059.00   19.16083
 1060.00   19.25090
 1061.00   19.12205
 1062.00   19.19279
 1063.00   19.19648
 1064.00   19.19785
 1065.00   19.20748
 1066.00   19.16312
 1067.00   19.20127
 1068.00   19.21698
 1069.00   19.19210
 1070.00   19.16795
 1071.00   19.14493
 1072.00   19.25884
 1073.00   19.19934
 1074.00   19.21034
 1075.00   19.13742
 1076.00   19.19396
 1077.00   19.10984
 1078.00   19.22008
 1079.00   19.15257
 1080.00   19.17738
 1081.00   19.07062
 1082.00   19.16076
 1083.00   19.16369
 1084.00   19.16798
 1085.00   19.13444
 1086.00   19.09281
 1087.00   19.16848
 1088.00   19.16971
 1089.00   19.17675
 1090.00   19.13814
 1091.00   19.15256
 1092.00   19.14400
 1093.00   19.15547
 1094.00   19.15980
 1095.00   19.14101
 1096.00   19.16292
 1097.00   19.12798
 1098.00   19.13881
 1099.00   19.14540
 1100.00   19.12241
 1101.00   19.06237
 1102.00   19.15941
 1103.00   19.10105
 1104.00   19.04720
 1105.00   19.00875
 1106.00   19.08009
 1107.00   19.12206
 1108.00   19.02088
 1109.00   19.13147
 1110.00   19.11324
 1111.00   19.02916
 1112.00   19.11800
 1113.00   19.04779
 1114.00   19.15535
 1115.00   19.07665
 1116.00   19.12508
 1117.00   19.15082
 1118.00   19.08283
 1119.00   19.08084
 1120.00   19.03053
 1121.00   19.10502
 1122.00   19.07494
 1123.00   19.05396
 1124.00   19.07951
 1125.00   19.07867
 1126.00   19.09439
 1127.00   19.08749
 1128.00   19.07995
 1129.00   19.07191
 1130.00   19.02599
 1131.00   19.04185
 1132.00   19.08500
 1133.00   19.05006
 1134.00   19.03826
 1135.00   19.05468
 1136.00   19.02640
 1137.00   19.03800
 1138.00   19.07481
 1139.00   19.08934
 1140.00   19.07267
 1141.00   19.05511
 1142.00   19.09853
 1143.00   18.97753
 1144.00   19.08223
 1145.00   19.15868
 1146.00   19.07104
 1147.00   19.05993
 1148.00   19.17117
 1149.00   19.14805
 1150.00   19.16089
 1151.00   19.12618
 1152.00   19.13001
 1153.00   19.15484
 1154.00   19.10889
 1155.00   19.13725
 1156.00   19.14051
 1157.00   19.18040
 1158.00   19.19448
 1159.00   19.07041
 1160.00   19.14594
 1161.00   19.14529
 1162.00   19.23749
 1163.00   19.17942
 1164.00   19.12500
 1165.00   19.11223
 1166.00   19.15477
 1167.00   19.18248
 1168.00   19.13967
 1169.00   19.17497
 1170.00   19.19715
 1171.00   19.09929
 1172.00   19.19300
 1173.00   19.17330
 1174.00   19.13305
 1175.00   19.17123
 1176.00   19.18685
 1177.00   19.18981
 1178.00   19.23691
 1179.00   19.23931
 1180.00   19.15680
 1181.00   19.19689
 1182.00   19.22627
 1183.00   19.27534
 1184.00   19.16109
 1185.00   19.19740
 1186.00   19.25099
 1187.00   19.18165
 1188.00   19.29637
 1189.00   19.17360
 1190.00   19.31097
 1191.00   19.29991
 1192.00   19.31114
 1193.00   19.34411
 1194.00   19.25421
 1195.00   19.29433
 1196.00   19.35556
 1197.00   19.39153
 1198.00   19.35418
 1199.00   19.42517
 1200.00   19.35952
 1201.00   19.40302
 1202.00   19.41066
 1203.00   19.41705
 1204.00   19.42226
 1205.00   19.41410
 1206.00   19.37249
 1207.00   19.43709
 1208.00   19.44977
 1209.00   19.44523
 1210.00   19.37526
 1211.00   19.44258
 1212.00   19.49845
 1213.00   19.41503
 1214.00   19.44186
 1215.00   19.48454
 1216.00   19.43543
 1217.00   19.43182
 1218.00   19.42699
 1219.00   19.38617
 1220.00   19.43212
 1221.00   19.48322
 1222.00   19.42441
 1223.00   19.50058
 1224.00   19.48004
 1225.00   19.45695
 1226.00   19.51412
 1227.00   19.52286
 1228.00   19.49157
 1229.00   19.42996
 1230.00   19.53292
 1231.00   19.51645
 1232.00   19.48260
 1233.00   19.51676
 1234.00   19.47850
 1235.00   19.49733
 1236.00   19.51743
 1237.00   19.47104
 1238.00   19.50592
 1239.00   19.59633
 1240.00   19.51596
 1241.00   19.61162
 1242.00   19.60502
 1243.00   19.57794
 1244.00   19.55830
 1245.00   19.63930
 1246.00   19.59659
 1247.00   19.65097
 1248.00   19.68569
 1249.00   19.62558
 1250.00   19.66139
 1251.00   19.74538
 1252.00   19.65308
 1253.00   19.78113
 1254.00   19.68952
 1255.00   19.71695
 1256.00   19.68473
 1257.00   19.73675
 1258.00   19.72839
 1259.00   19.75441
 1260.00   19.75207
 1261.00   19.74838
 1262.00   19.73412
 1263.00   19.75560
 1264.00   19.73281
 1265.00   19.75499
 1266.00   19.71028
 1267.00   19.69159
 1268.00   19.70145
 1269.00   19.75936
 1270.00   19.70639
 1271.00   19.69726
 1272.00   19.70136
 1273.00   19.65113
 1274.00   19.69739
 1275.00   19.72316
 1276.00   19.71287
 1277.00   19.74539
 1278.00   19.70196
 1279.00   19.68634
 1280.00   19.73018
 1281.00   19.68186
 1282.00   19.69422
 1283.00   19.70378
 1284.00   19.66756
 1285.00   19.68461
 1286.00   19.70669
 1287.00   19.70796
 1288.00   19.68310
 1289.00   19.70714
 1290.00   19.69691
 1291.00   19.66422
 1292.00   19.74767
 1293.00   19.71697
 1294.00   19.66102
 1295.00   19.71961
 1296.00   19.71404
 1297.00   19.69939
 1298.00   19.73191
 1299.00   19.66762
 1300.00   19.68914
 1301.00   19.67614
 1302.00   19.64477
 1303.00   19.65162
 1304.00   19.69341
 1305.00   19.63030
 1306.00   19.67688
 1307.00   19.63512
 1308.00   19.73822
 1309.00   19.68078
 1310.00   19.61118
 1311.00   19.70524
 1312.00   19.62828
 1313.00   19.58166
 1314.00   19.58821
 1315.00   19.61406
 1316.00   19.50889
 1317.00   19.60270
 1318.00   19.61747
 1319.00   19.54271
 1320.00   19.62584
 1321.00   19.62816
 1322.00   19.51052
 1323.00   19.52571
 1324.00   19.54590
 1325.00   19.50749
 1326.00   19.48340
 1327.00   19.49970
 1328.00   19.49826
 1329.00   19.44559
 1330.00   19.45084
 1331.00   19.42898
 1332.00   19.42731
 1333.00   19.42291
 1334.00   19.41595
 1335.00   19.41530
 1336.00   19.41041
 1337.00   19.37456
 1338.00   19.37904
 1339.00   19.42965
 1340.00   19.33266
 1341.00   19.33396
 1342.00   19.36450
 1343.00   19.30658
 1344.00   19.30982
 1345.00   19.34941
 1346.00   19.31965
 1347.00   19.30584
 1348.00   19.28154
 1349.00   19.33092
 1350.00   19.30451
 1351.00   19.33474
 1352.00   19.32069
 1353.00   19.28590
 1354.00   19.29704
 1355.00   19.31490
 1356.00   19.34494
 1357.00   19.29753
 1358.00   19.31793
 1359.00   19.34589
 1360.00   19.29786
 1361.00   19.34162
 1362.00   19.36126
 1363.00   19.29916
 1364.00   19.37821
 1365.00   19.39259
 1366.00   19.33722
 1367.00   19.32381
 1368.00   19.38192
 1369.00   19.31053
 1370.00   19.39274
 1371.00   19.37840
 1372.00   19.30965
 1373.00   19.31118
 1374.00   19.32610
 1375.00   19.28463
 1376.00   19.37089
 1377.00   19.33575
 1378.00   19.28573
 1379.00   19.35194
 1380.00   19.28326
 1381.00   19.32435
 1382.00   19.25842
 1383.00   19.23962
 1384.00   19.30149
 1385.00   19.23751
 1386.00   19.23141
 1387.00   19.28200
 1388.00   19.20385
 1389.00   19.27020
 1390.00   19.29218
 1391.00   19.13722
 1392.00   19.17871
 1393.00   19.25208
 1394.00   19.15456
 1395.00   19.16324
 1396.00   19.17381
 1397.00   19.12773
 1398.00   19.12478
 1399.00   19.21313
 1400.00   19.19390
 1401.00   19.22221
 1402.00   19.27806
 1403.00   19.15798
 1404.00   19.18829
 1405.00   19.21374
 1406.00   19.11782
 1407.00   19.17263
 1408.00   19.24799
 1409.00   19.17052
 1410.00   19.12353
 1411.00   19.22570
 1412.00   19.10800
 1413.00   19.20058
 1414.00   19.18197
 1415.00   19.15689
 1416.00   19.21311
 1417.00   19.19670
 1418.00   19.17389
 1419.00   19.19373
 1420.00   19.22916
 1421.00   19.22096
 1422.00   19.18613
 1423.00   19.30879
 1424.00   19.32616
 1425.00   19.36415
 1426.00   19.25966
 1427.00   19.27685
 1428.00   19.28466
 1429.00   19.23266
 1430.00   19.30196
 1431.00   19.33772
 1432.00   19.25067
 1433.00   19.25013
 1434.00   19.27703
 1435.00   19.22527
 1436.00   19.29538
 1437.00   19.31038
 1438.00   19.22570
 1439.00   19.27662
 1440.00   19.37499
 1441.00   19.23886
 1442.00   19.25110
 1443.00   19.33172
 1444.00   19.20691
 1445.00   19.22152
 1446.00   19.32637
 1447.00   19.23354
 1448.00   19.27345
 1449.00   19.20476
 1450.00   19.20195
 1451.00   19.23252
 1452.00   19.22468
 1453.00   19.24050
 1454.00   19.29031
 1455.00   19.21362
 1456.00   19.24626
 1457.00   19.32662
 1458.00   19.33508
 1459.00   19.26965
 1460.00   19.28591
 1461.00   19.42058
 1462.00   19.29122
 1463.00   19.27727
 1464.00   19.34580
 1465.00   19.23372
 1466.00   19.30760
 1467.00   19.30642
 1468.00   19.22837
 1469.00   19.28470
 1470.00   19.31847
 1471.00   19.29036
 1472.00   19.29468
 1473.00   19.33136
 1474.00   19.30075
 1475.00   19.32118
 1476.00   19.28262
 1477.00   19.25914
 1478.00   19.20443
 1479.00   19.30805
 1480.00   19.28126
 1481.00   19.21681
 1482.00   19.26807
 1483.00   19.19868
 1484.00   19.28120
 1485.00   19.33275
 1486.00   19.24398
 1487.00   19.27692
 1488.00   19.21942
 1489.00   19.23126
 1490.00   19.22660
 1491.00   19.31424
 1492.00   19.25235
 1493.00   19.27114
 1494.00   19.30251
 1495.00   19.21421
 1496.00   19.21444
 1497.00   19.22825
