    1.00    0.00000
    2.00    0.19459
    3.00    0.19724
    4.00    0.20058
    5.00    0.38427
    6.00    0.36776
    7.00    0.06177
    8.00    0.57132
    9.00    0.54931
   10.00    0.20741
   11.00    0.75712
   12.00    0.73517
   13.00    0.39332
   14.00    0.63958
   15.00    0.63966
   16.00    0.89693
   17.00    1.06930
   18.00    1.06013
   19.00    0.71499
   20.00    1.24631
   21.00    1.23133
   22.00    0.89476
   23.00    1.12116
   24.00    1.15300
   25.00    1.39529
   26.00    1.24378
   27.00    1.28275
   28.00    1.54840
   29.00    1.71200
   30.00    1.71061
   31.00    1.36665
   32.00    1.87926
   33.00    1.87192
   34.00    1.54282
   35.00    1.72290
   36.00    1.75830
   37.00    2.05113
   38.00    1.88062
   39.00    1.92107
   40.00    2.20832
   41.00    2.02976
   42.00    2.03076
   43.00    2.36506
   44.00    2.18839
   45.00    2.22643
   46.00    2.52344
   47.00    2.34649
   48.00    2.38163
   49.00    2.68219
   50.00    2.84691
   51.00    2.84579
   52.00    2.50328
   53.00    3.00789
   54.00    2.97152
   55.00    2.67996
   56.00    3.16497
   57.00    3.13293
   58.00    2.84155
   59.00    2.99239
   60.00    3.01924
   61.00    3.33919
   62.00    3.49350
   63.00    3.46324
   64.00    3.16300
   65.00    3.31273
   66.00    3.31727
   67.00    3.66719
   68.00    3.48841
   69.00    3.51169
   70.00    3.83418
   71.00    3.99547
   72.00    3.99461
   73.00    3.65533
   74.00    3.81032
   75.00    3.81318
   76.00    4.17119
   77.00    4.32355
   78.00    4.29689
   79.00    3.99355
   80.00    4.13585
   81.00    4.14222
   82.00    4.50026
   83.00    4.65444
   84.00    4.62847
   85.00    4.32364
   86.00    4.80273
   87.00    4.77800
   88.00    4.48740
   89.00    4.95123
   90.00    4.94386
   91.00    4.63662
   92.00    5.09760
   93.00    5.07570
   94.00    4.78559
   95.00    5.24898
   96.00    5.24041
   97.00    4.93211
   98.00    5.40215
   99.00    5.39276
  100.00    5.08149
  101.00    5.55220
  102.00    5.53265
  103.00    5.23414
  104.00    5.70723
  105.00    5.68461
  106.00    5.38531
  107.00    5.86248
  108.00    5.84088
  109.00    5.54010
  110.00    5.69158
  111.00    5.70137
  112.00    6.03983
  113.00    6.19740
  114.00    6.17901
  115.00    5.86948
  116.00    6.35162
  117.00    6.33171
  118.00    6.02956
  119.00    6.50841
  120.00    6.50309
  121.00    6.18596
  122.00    6.33831
  123.00    6.34638
  124.00    6.68750
  125.00    6.84387
  126.00    6.82872
  127.00    6.51789
  128.00    6.67199
  129.00    6.67922
  130.00    7.02154
  131.00    7.17509
  132.00    7.16272
  133.00    6.85208
  134.00    7.32805
  135.00    7.32321
  136.00    7.01090
  137.00    7.48207
  138.00    7.47721
  139.00    7.16573
  140.00    7.63674
  141.00    7.63161
  142.00    7.31989
  143.00    7.46383
  144.00    7.45747
  145.00    7.81754
  146.00    7.97207
  147.00    7.97136
  148.00    7.64693
  149.00    7.79792
  150.00    7.80351
  151.00    8.15024
  152.00    8.30183
  153.00    8.28718
  154.00    7.98087
  155.00    8.44845
  156.00    8.43546
  157.00    8.13615
  158.00    8.59961
  159.00    8.59447
  160.00    8.28915
  161.00    8.75176
  162.00    8.74663
  163.00    8.43938
  164.00    8.90343
  165.00    8.88869
  166.00    8.59394
  167.00    9.05701
  168.00    9.04122
  169.00    8.74570
  170.00    9.21175
  171.00    9.20454
  172.00    8.89838
  173.00    9.36540
  174.00    9.35005
  175.00    9.05325
  176.00    9.19392
  177.00    9.19675
  178.00    9.54627
  179.00    9.70406
  180.00    9.69768
  181.00    9.38379
  182.00    9.85497
  183.00    9.84915
  184.00    9.54483
  185.00   10.00736
  186.00   10.00078
  187.00    9.69493
  188.00   10.16044
  189.00   10.15484
  190.00    9.85150
  191.00   10.31477
  192.00   10.30829
  193.00   10.00384
  194.00   10.14111
  195.00   10.13594
  196.00   10.49877
  197.00   10.65175
  198.00   10.63992
  199.00   10.33895
  200.00   10.80080
  201.00   10.78902
  202.00   10.49285
  203.00   10.95101
  204.00   10.94093
  205.00   10.64351
  206.00   11.10450
  207.00   11.10091
  208.00   10.79498
  209.00   11.25905
  210.00   11.25574
  211.00   10.94599
  212.00   11.41649
  213.00   11.41154
  214.00   11.10099
  215.00   11.24478
  216.00   11.23928
  217.00   11.59703
  218.00   11.75698
  219.00   11.75236
  220.00   11.43448
  221.00   11.90239
  222.00   11.88785
  223.00   11.59123
  224.00   11.72629
  225.00   11.73169
  226.00   12.08185
  227.00   12.23571
  228.00   12.22472
  229.00   11.92313
  230.00   12.38362
  231.00   12.37866
  232.00   12.07774
  233.00   12.52781
  234.00   12.52427
  235.00   12.22280
  236.00   12.34968
  237.00   12.35643
  238.00   12.70341
  239.00   12.85811
  240.00   12.85344
  241.00   12.54355
  242.00   12.67750
  243.00   12.68302
  244.00   13.03142
  245.00   12.85491
  246.00   12.86187
  247.00   13.20982
  248.00   13.03318
  249.00   13.03016
  250.00   13.38908
  251.00   13.54517
  252.00   13.54096
  253.00   13.23346
  254.00   13.35666
  255.00   13.36661
  256.00   13.71872
  257.00   13.54103
  258.00   13.53884
  259.00   13.89481
  260.00   13.71832
  261.00   13.71519
  262.00   14.06694
  263.00   13.89163
  264.00   13.88962
  265.00   14.23417
  266.00   14.38955
  267.00   14.37479
  268.00   14.06771
  269.00   14.21076
  270.00   14.20811
  271.00   14.55449
  272.00   14.70913
  273.00   14.69237
  274.00   14.38588
  275.00   14.52697
  276.00   14.52499
  277.00   14.87672
  278.00   15.02273
  279.00   15.00796
  280.00   14.71149
  281.00   14.83808
  282.00   14.83532
  283.00   15.18978
  284.00   15.01021
  285.00   15.01028
  286.00   15.34898
  287.00   15.49846
  288.00   15.48466
  289.00   15.17987
  290.00   15.31538
  291.00   15.31635
  292.00   15.66074
  293.00   15.80579
  294.00   15.79046
  295.00   15.49334
  296.00   15.93731
  297.00   15.92102
  298.00   15.64741
  299.00   15.75084
  300.00   15.75222
  301.00   16.10449
  302.00   16.23841
  303.00   16.24250
  304.00   15.95437
  305.00   16.36367
  306.00   16.36680
  307.00   16.09746
  308.00   16.19556
  309.00   16.20653
  310.00   16.52647
  311.00   16.65297
  312.00   16.66145
  313.00   16.38425
  314.00   16.78116
  315.00   16.78731
  316.00   16.52123
  317.00   16.62010
  318.00   16.63037
  319.00   16.94676
  320.00   17.07164
  321.00   17.08057
  322.00   16.80928
  323.00   16.91469
  324.00   16.92589
  325.00   17.23860
  326.00   17.36038
  327.00   17.37238
  328.00   17.10565
  329.00   17.20687
  330.00   17.21781
  331.00   17.52825
  332.00   17.64683
  333.00   17.65999
  334.00   17.39681
  335.00   17.77436
  336.00   17.78008
  337.00   17.52988
  338.00   17.61560
  339.00   17.63182
  340.00   17.93621
  341.00   18.05226
  342.00   18.06330
  343.00   17.81161
  344.00   17.95861
  345.00   17.99354
  346.00   18.14933
  347.00   17.87580
  348.00   17.88967
  349.00   18.10924
  350.00   18.18604
  351.00   18.18999
  352.00   18.02407
  353.00   18.06775
  354.00   18.07140
  355.00   18.30589
  356.00   18.18718
  357.00   18.25731
  358.00   18.39062
  359.00   18.36586
  360.00   18.31542
  361.00   18.15565
  362.00   18.26849
  363.00   18.29472
  364.00   18.45758
  365.00   18.18014
  366.00   18.14766
  367.00   18.37476
  368.00   18.39420
  369.00   18.43366
  370.00   18.31363
  371.00   18.33335
  372.00   18.39286
  373.00   18.54965
  374.00   18.51231
  375.00   18.52332
  376.00   18.57526
  377.00   18.58433
  378.00   18.63208
  379.00   18.48440
  380.00   18.62511
  381.00   18.58048
  382.00   18.66133
  383.00   18.63564
  384.00   18.66565
  385.00   18.68426
  386.00   18.69739
  387.00   18.67758
  388.00   18.66437
  389.00   18.74082
  390.00   18.70767
  391.00   18.60249
  392.00   18.68011
  393.00   18.66191
  394.00   18.72698
  395.00   18.68922
  396.00   18.64438
  397.00   18.69304
  398.00   18.67134
  399.00   18.63939
  400.00   18.69194
  401.00   18.67078
  402.00   18.64789
  403.00   18.72610
  404.00   18.61208
  405.00   18.64702
  406.00   18.69491
  407.00   18.69214
  408.00   18.66939
  409.00   18.72084
  410.00   18.69329
  411.00   18.68783
  412.00   18.75164
  413.00   18.70138
  414.00   18.67535
  415.00   18.68947
  416.00   18.63206
  417.00   18.67630
  418.00   18.73512
  419.00   18.73100
  420.00   18.73445
  421.00   18.72278
  422.00   18.70553
  423.00   18.70086
  424.00   18.72270
  425.00   18.68345
  426.00   18.67740
  427.00   18.70914
  428.00   18.67985
  429.00   18.68207
  430.00   18.76363
  431.00   18.62304
  432.00   18.66759
  433.00   18.70804
  434.00   18.68887
  435.00   18.69077
  436.00   18.57630
  437.00   18.69506
  438.00   18.69194
  439.00   18.68142
  440.00   18.67234
  441.00   18.70638
  442.00   18.70712
  443.00   18.69260
  444.00   18.70551
  445.00   18.71859
  446.00   18.69419
  447.00   18.70581
  448.00   18.72036
  449.00   18.69479
  450.00   18.72718
  451.00   18.73486
  452.00   18.71713
  453.00   18.76106
  454.00   18.75788
  455.00   18.76780
  456.00   18.77086
  457.00   18.76427
  458.00   18.71563
  459.00   18.77445
  460.00   18.78317
  461.00   18.74244
  462.00   18.80530
  463.00   18.82258
  464.00   18.77934
  465.00   18.81357
  466.00   18.85614
  467.00   18.80821
  468.00   18.79331
  469.00   18.82938
  470.00   18.81280
  471.00   18.80456
  472.00   18.80864
  473.00   18.80162
  474.00   18.81339
  475.00   18.82741
  476.00   18.79086
  477.00   18.82666
  478.00   18.83312
  479.00   18.84842
  480.00   18.80849
  481.00   18.83910
  482.00   18.81752
  483.00   18.79533
  484.00   18.81835
  485.00   18.77836
  486.00   18.80675
  487.00   18.80577
  488.00   18.84172
  489.00   18.79191
  490.00   18.80696
  491.00   18.81001
  492.00   18.85667
  493.00   18.87717
  494.00   18.80992
  495.00   18.81070
  496.00   18.83270
  497.00   18.78503
  498.00   18.84314
  499.00   18.84079
  500.00   18.78340
  501.00   18.78595
  502.00   18.79794
  503.00   18.78988
  504.00   18.79181
  505.00   18.81216
  506.00   18.81788
  507.00   18.81440
  508.00   18.82281
  509.00   18.80023
  510.00   18.84609
  511.00   18.88797
  512.00   18.81136
  513.00   18.85251
  514.00   18.87155
  515.00   18.85795
  516.00   18.82719
  517.00   18.85825
  518.00   18.79536
  519.00   18.81350
  520.00   18.82349
  521.00   18.75501
  522.00   18.81360
  523.00   18.84086
  524.00   18.78890
  525.00   18.80849
  526.00   18.82286
  527.00   18.80890
  528.00   18.80605
  529.00   18.83679
  530.00   18.79846
  531.00   18.77774
  532.00   18.79894
  533.00   18.79292
  534.00   18.79807
  535.00   18.81399
  536.00   18.79754
  537.00   18.77125
  538.00   18.79492
  539.00   18.77115
  540.00   18.76889
  541.00   18.79930
  542.00   18.77141
  543.00   18.75904
  544.00   18.78929
  545.00   18.76276
  546.00   18.77743
  547.00   18.81243
  548.00   18.82203
  549.00   18.80268
  550.00   18.82725
  551.00   18.79210
  552.00   18.77892
  553.00   18.79933
  554.00   18.76694
  555.00   18.83252
  556.00   18.80245
  557.00   18.74503
  558.00   18.81106
  559.00   18.78855
  560.00   18.78497
  561.00   18.82977
  562.00   18.83807
  563.00   18.74557
  564.00   18.80128
  565.00   18.82437
  566.00   18.76937
  567.00   18.80845
  568.00   18.84308
  569.00   18.79136
  570.00   18.82737
  571.00   18.85619
  572.00   18.82272
  573.00   18.83654
  574.00   18.86898
  575.00   18.82345
  576.00   18.86911
  577.00   18.89685
  578.00   18.84734
  579.00   18.83781
  580.00   18.82551
  581.00   18.85790
  582.00   18.79282
  583.00   18.86339
  584.00   18.80816
  585.00   18.88155
  586.00   18.90713
  587.00   18.87648
  588.00   18.85405
  589.00   18.89046
  590.00   18.84985
  591.00   18.87719
  592.00   18.92249
  593.00   18.91146
  594.00   18.95979
  595.00   18.96389
  596.00   18.96393
  597.00   19.00632
  598.00   18.98420
  599.00   18.95054
  600.00   18.96088
  601.00   19.04742
  602.00   19.00195
  603.00   19.08326
  604.00   19.10888
  605.00   18.94367
  606.00   19.03154
  607.00   19.07822
  608.00   19.01818
  609.00   19.03376
  610.00   19.07748
  611.00   19.04683
  612.00   19.05622
  613.00   19.02989
  614.00   19.03838
  615.00   19.02545
  616.00   19.05612
  617.00   19.01180
  618.00   19.01130
  619.00   19.03929
  620.00   18.95828
  621.00   18.95896
  622.00   19.05866
  623.00   18.91810
  624.00   18.94224
  625.00   19.06100
  626.00   19.08428
  627.00   19.10714
  628.00   19.07170
  629.00   19.08766
  630.00   19.13324
  631.00   19.06742
  632.00   19.12959
  633.00   19.06400
  634.00   19.05233
  635.00   19.08745
  636.00   19.09012
  637.00   19.03346
  638.00   19.12372
  639.00   19.13319
  640.00   19.07957
  641.00   19.13147
  642.00   19.10081
  643.00   19.06692
  644.00   19.13281
  645.00   19.06995
  646.00   19.03007
  647.00   18.99824
  648.00   18.98892
  649.00   19.06935
  650.00   18.92311
  651.00   18.98305
  652.00   19.01650
  653.00   18.89803
  654.00   18.88416
  655.00   18.94059
  656.00   18.80928
  657.00   18.84096
  658.00   18.93011
  659.00   18.89056
  660.00   18.87488
  661.00   18.97833
  662.00   18.84954
  663.00   18.80077
  664.00   18.95549
  665.00   18.94776
  666.00   18.90817
  667.00   19.01406
  668.00   18.97415
  669.00   18.97880
  670.00   19.02716
  671.00   18.94487
  672.00   18.97147
  673.00   19.00791
  674.00   18.89815
  675.00   18.94163
  676.00   19.04373
  677.00   18.91964
  678.00   18.90017
  679.00   18.99532
  680.00   18.93039
  681.00   18.88634
  682.00   18.91738
  683.00   18.88583
  684.00   18.93289
  685.00   19.00576
  686.00   18.94913
  687.00   19.00242
  688.00   19.03755
  689.00   18.89135
  690.00   18.88555
  691.00   18.99789
  692.00   18.99981
  693.00   19.00628
  694.00   18.94588
  695.00   19.05367
  696.00   19.03178
  697.00   18.95862
  698.00   18.91338
  699.00   18.93470
  700.00   18.98021
  701.00   18.84895
  702.00   18.92866
  703.00   18.93002
  704.00   18.97268
  705.00   18.91346
  706.00   18.86494
  707.00   18.87892
  708.00   18.85780
  709.00   18.96703
  710.00   18.81900
  711.00   18.79902
  712.00   18.90453
  713.00   18.87518
  714.00   18.93061
  715.00   18.88115
  716.00   18.82286
  717.00   18.83368
  718.00   18.87951
  719.00   18.83753
  720.00   18.80661
  721.00   18.86142
  722.00   18.91634
  723.00   18.89595
  724.00   18.80771
  725.00   18.80660
  726.00   18.72872
  727.00   18.82190
  728.00   18.81122
  729.00   18.77569
  730.00   18.84083
  731.00   18.80487
  732.00   18.74125
  733.00   18.84143
  734.00   18.72276
  735.00   18.67171
  736.00   18.80478
  737.00   18.69145
  738.00   18.58846
  739.00   18.71504
  740.00   18.63839
  741.00   18.70894
  742.00   18.72156
  743.00   18.68767
  744.00   18.65852
  745.00   18.77615
  746.00   18.62839
  747.00   18.66877
  748.00   18.72080
  749.00   18.68506
  750.00   18.66292
  751.00   18.67763
  752.00   18.62630
  753.00   18.68729
  754.00   18.70506
  755.00   18.59909
  756.00   18.54738
  757.00   18.65138
  758.00   18.54897
  759.00   18.60101
  760.00   18.67854
  761.00   18.62027
  762.00   18.61836
  763.00   18.78362
  764.00   18.61760
  765.00   18.63330
  766.00   18.58504
  767.00   18.65447
  768.00   18.52496
  769.00   18.57160
  770.00   18.73183
  771.00   18.64771
  772.00   18.63510
  773.00   18.66863
  774.00   18.67438
  775.00   18.77163
  776.00   18.74659
  777.00   18.69377
  778.00   18.63304
  779.00   18.60744
  780.00   18.58811
  781.00   18.66463
  782.00   18.61414
  783.00   18.56757
  784.00   18.51168
  785.00   18.62559
  786.00   18.67786
  787.00   18.59102
  788.00   18.63649
  789.00   18.62754
  790.00   18.57714
  791.00   18.64611
  792.00   18.58397
  793.00   18.54404
  794.00   18.58710
  795.00   18.63672
  796.00   18.52830
  797.00   18.51966
  798.00   18.57042
  799.00   18.49787
  800.00   18.58337
  801.00   18.54696
  802.00   18.50029
  803.00   18.61060
  804.00   18.63097
  805.00   18.52489
  806.00   18.66915
  807.00   18.60018
  808.00   18.62807
  809.00   18.63470
  810.00   18.66372
  811.00   18.57117
  812.00   18.62630
  813.00   18.65364
  814.00   18.61192
  815.00   18.57637
  816.00   18.62767
  817.00   18.55728
  818.00   18.62856
  819.00   18.67143
  820.00   18.55843
  821.00   18.59660
  822.00   18.51896
  823.00   18.54321
  824.00   18.59597
  825.00   18.50232
  826.00   18.51866
  827.00   18.56834
  828.00   18.62777
  829.00   18.54419
  830.00   18.58063
  831.00   18.57802
  832.00   18.51598
  833.00   18.54967
  834.00   18.59926
  835.00   18.44273
  836.00   18.55231
  837.00   18.52607
  838.00   18.50374
  839.00   18.54268
  840.00   18.59545
  841.00   18.49572
  842.00   18.51734
  843.00   18.62487
  844.00   18.50500
  845.00   18.67003
  846.00   18.61385
  847.00   18.63312
  848.00   18.60083
  849.00   18.63247
  850.00   18.66464
  851.00   18.68892
  852.00   18.59908
  853.00   18.60993
  854.00   18.65375
  855.00   18.56738
  856.00   18.58535
  857.00   18.61638
  858.00   18.61950
  859.00   18.56457
  860.00   18.55121
  861.00   18.63828
  862.00   18.52563
  863.00   18.50873
  864.00   18.44040
  865.00   18.55681
  866.00   18.45082
  867.00   18.47402
  868.00   18.39281
  869.00   18.50793
  870.00   18.47799
  871.00   18.46466
  872.00   18.50670
  873.00   18.51778
  874.00   18.41794
  875.00   18.54006
  876.00   18.56562
  877.00   18.46850
  878.00   18.50249
  879.00   18.52711
  880.00   18.42493
  881.00   18.53778
  882.00   18.55424
  883.00   18.48634
  884.00   18.45827
  885.00   18.48063
  886.00   18.52463
  887.00   18.47897
  888.00   18.44615
  889.00   18.39014
  890.00   18.38212
  891.00   18.27952
  892.00   18.46321
  893.00   18.36867
  894.00   18.37763
  895.00   18.45531
  896.00   18.55204
  897.00   18.41908
  898.00   18.40156
  899.00   18.35264
  900.00   18.40083
  901.00   18.45334
  902.00   18.49411
  903.00   18.54283
  904.00   18.41205
  905.00   18.42533
  906.00   18.45914
  907.00   18.36765
  908.00   18.46029
  909.00   18.50963
  910.00   18.35191
  911.00   18.40646
  912.00   18.44222
  913.00   18.33593
  914.00   18.38199
  915.00   18.36345
  916.00   18.49526
  917.00   18.44219
  918.00   18.41285
  919.00   18.34771
  920.00   18.39026
  921.00   18.42565
  922.00   18.54104
  923.00   18.55563
  924.00   18.55908
  925.00   18.49507
  926.00   18.56316
  927.00   18.57603
  928.00   18.44987
  929.00   18.60172
  930.00   18.59039
  931.00   18.48146
  932.00   18.60712
  933.00   18.64003
  934.00   18.52882
  935.00   18.70816
  936.00   18.68367
  937.00   18.59318
  938.00   18.55248
  939.00   18.50142
  940.00   18.65550
  941.00   18.56460
  942.00   18.63453
  943.00   18.48619
  944.00   18.52939
  945.00   18.55630
  946.00   18.41927
  947.00   18.45958
  948.00   18.50847
  949.00   18.34240
  950.00   18.47374
  951.00   18.43625
  952.00   18.58412
  953.00   18.60866
  954.00   18.65633
  955.00   18.52608
  956.00   18.61283
  957.00   18.58672
  958.00   18.42840
  959.00   18.47320
  960.00   18.58302
  961.00   18.66424
  962.00   18.63269
  963.00   18.58393
  964.00   18.53285
  965.00   18.57549
  966.00   18.60423
  967.00   18.46706
  968.00   18.62556
  969.00   18.68203
  970.00   18.53024
  971.00   18.56700
  972.00   18.55898
  973.00   18.44486
  974.00   18.63055
  975.00   18.53407
  976.00   18.51579
  977.00   18.57663
  978.00   18.59469
  979.00   18.40821
  980.00   18.66919
  981.00   18.56022
  982.00   18.55883
  983.00   18.62719
  984.00   18.67687
  985.00   18.68393
  986.00   18.65362
  987.00   18.61647
  988.00   18.69423
  989.00   18.57350
  990.00   18.61312
  991.00   18.63749
  992.00   18.63899
  993.00   18.58313
  994.00   18.64882
  995.00   18.56972
  996.00   18.52650
  997.00   18.55518
  998.00   18.60784
  999.00   18.52581
 1000.00   18.45173
 1001.00   18.55755
 1002.00   18.56952
 1003.00   18.51799
 1004.00   18.56473
 1005.00   18.62962
 1006.00   18.56440
 1007.00   18.65428
 1008.00   18.67174
 1009.00   18.61151
 1010.00   18.66736
 1011.00   18.62762
 1012.00   18.67783
 1013.00   18.68466
 1014.00   18.59256
 1015.00   18.64322
 1016.00   18.59516
 1017.00   18.57324
 1018.00   18.67244
 1019.00   18.59114
 1020.00   18.62584
 1021.00   18.53032
 1022.00   18.57704
 1023.00   18.53123
 1024.00   18.58201
 1025.00   18.48866
 1026.00   18.48644
 1027.00   18.55744
 1028.00   18.51321
 1029.00   18.44306
 1030.00   18.44563
 1031.00   18.52721
 1032.00   18.60220
 1033.00   18.47383
 1034.00   18.38081
 1035.00   18.40485
 1036.00   18.52103
 1037.00   18.49726
 1038.00   18.53901
 1039.00   18.53011
 1040.00   18.49888
 1041.00   18.55093
 1042.00   18.52544
 1043.00   18.52534
 1044.00   18.59418
 1045.00   18.53210
 1046.00   18.46182
 1047.00   18.44124
 1048.00   18.57003
 1049.00   18.60539
 1050.00   18.62708
 1051.00   18.56967
 1052.00   18.58743
 1053.00   18.62023
 1054.00   18.56980
 1055.00   18.61325
 1056.00   18.59942
 1057.00   18.61021
 1058.00   18.65773
 1059.00   18.65379
 1060.00   18.60316
 1061.00   18.66210
 1062.00   18.65240
 1063.00   18.67411
 1064.00   18.69528
 1065.00   18.60110
 1066.00   18.64858
 1067.00   18.68030
 1068.00   18.64102
 1069.00   18.60033
 1070.00   18.64499
 1071.00   18.64586
 1072.00   18.59855
 1073.00   18.63332
 1074.00   18.56798
 1075.00   18.55576
 1076.00   18.60359
 1077.00   18.64485
 1078.00   18.52063
 1079.00   18.54804
 1080.00   18.49636
 1081.00   18.46545
 1082.00   18.48853
 1083.00   18.53043
 1084.00   18.52808
 1085.00   18.43362
 1086.00   18.45481
 1087.00   18.53310
 1088.00   18.45256
 1089.00   18.34539
 1090.00   18.48551
 1091.00   18.49779
 1092.00   18.43916
 1093.00   18.47095
 1094.00   18.47275
 1095.00   18.42300
 1096.00   18.41289
 1097.00   18.49590
 1098.00   18.41138
 1099.00   18.44302
 1100.00   18.44706
 1101.00   18.46997
 1102.00   18.39723
 1103.00   18.43232
 1104.00   18.48279
 1105.00   18.33406
 1106.00   18.46024
 1107.00   18.41431
 1108.00   18.35837
 1109.00   18.37959
 1110.00   18.44514
 1111.00   18.43212
 1112.00   18.47884
 1113.00   18.46052
 1114.00   18.41096
 1115.00   18.34855
 1116.00   18.31781
 1117.00   18.43783
 1118.00   18.35255
 1119.00   18.30151
 1120.00   18.30156
 1121.00   18.24514
 1122.00   18.19767
 1123.00   18.30118
 1124.00   18.23871
 1125.00   18.21409
 1126.00   18.12538
 1127.00   18.14344
 1128.00   18.11986
 1129.00   18.27162
 1130.00   18.28606
 1131.00   18.25769
 1132.00   18.22310
 1133.00   18.27224
 1134.00   18.35871
 1135.00   18.21761
 1136.00   18.26563
 1137.00   18.30258
 1138.00   18.18044
 1139.00   18.24720
 1140.00   18.32506
 1141.00   18.34239
 1142.00   18.29488
 1143.00   18.23594
 1144.00   18.38314
 1145.00   18.30377
 1146.00   18.17728
 1147.00   18.19668
 1148.00   18.16748
 1149.00   18.06896
 1150.00   18.25327
 1151.00   17.98950
 1152.00   18.06301
 1153.00   18.12149
 1154.00   18.14993
 1155.00   18.19513
 1156.00   18.05899
 1157.00   18.10370
 1158.00   18.17847
 1159.00   18.16611
 1160.00   18.11906
 1161.00   18.21623
 1162.00   18.18148
 1163.00   18.26169
 1164.00   18.21181
 1165.00   18.15822
 1166.00   18.23564
 1167.00   18.18330
 1168.00   18.17198
 1169.00   18.21433
 1170.00   18.16619
 1171.00   18.14609
 1172.00   18.08681
 1173.00   18.04973
 1174.00   18.16606
 1175.00   18.10704
 1176.00   18.00269
 1177.00   18.01115
 1178.00   18.12553
 1179.00   18.09243
 1180.00   18.06337
 1181.00   18.02256
 1182.00   18.05317
 1183.00   18.09426
 1184.00   18.10747
 1185.00   18.01868
 1186.00   17.99839
 1187.00   18.16426
 1188.00   18.19349
 1189.00   18.07174
 1190.00   18.26764
 1191.00   18.25991
 1192.00   18.14580
 1193.00   18.13774
 1194.00   18.01450
 1195.00   18.21411
 1196.00   18.28410
 1197.00   18.18327
 1198.00   18.14488
 1199.00   18.20844
 1200.00   18.21412
 1201.00   18.08206
 1202.00   18.24496
 1203.00   18.19593
 1204.00   18.13608
 1205.00   18.26174
 1206.00   18.24131
 1207.00   18.19431
 1208.00   18.25502
 1209.00   18.14980
 1210.00   18.09540
 1211.00   18.30164
 1212.00   18.33248
 1213.00   18.18884
 1214.00   18.36205
 1215.00   18.33681
 1216.00   18.25578
 1217.00   18.30649
 1218.00   18.34113
 1219.00   18.41493
 1220.00   18.40576
 1221.00   18.47595
 1222.00   18.41874
 1223.00   18.47470
 1224.00   18.49313
 1225.00   18.49263
 1226.00   18.45247
 1227.00   18.54714
 1228.00   18.47368
 1229.00   18.55041
 1230.00   18.46927
 1231.00   18.55817
 1232.00   18.51401
 1233.00   18.48326
 1234.00   18.57535
 1235.00   18.47312
 1236.00   18.44209
 1237.00   18.44643
 1238.00   18.38196
 1239.00   18.37430
 1240.00   18.44419
 1241.00   18.41819
 1242.00   18.39127
 1243.00   18.38945
 1244.00   18.35408
 1245.00   18.33201
 1246.00   18.44275
 1247.00   18.38533
 1248.00   18.46301
 1249.00   18.44849
 1250.00   18.34833
 1251.00   18.43290
 1252.00   18.39370
 1253.00   18.42434
 1254.00   18.48640
 1255.00   18.41908
 1256.00   18.43991
 1257.00   18.42088
 1258.00   18.49468
 1259.00   18.37019
 1260.00   18.36978
 1261.00   18.44094
 1262.00   18.38236
 1263.00   18.28631
 1264.00   18.38962
 1265.00   18.34745
 1266.00   18.34711
 1267.00   18.39941
 1268.00   18.39210
 1269.00   18.32046
 1270.00   18.41527
 1271.00   18.40359
 1272.00   18.43988
 1273.00   18.43711
 1274.00   18.38076
 1275.00   18.36268
 1276.00   18.37201
 1277.00   18.31575
 1278.00   18.35451
 1279.00   18.41117
 1280.00   18.31833
 1281.00   18.36711
 1282.00   18.41241
 1283.00   18.35405
 1284.00   18.32667
 1285.00   18.45141
 1286.00   18.36376
 1287.00   18.31114
 1288.00   18.28276
 1289.00   18.35795
 1290.00   18.25795
 1291.00   18.26097
 1292.00   18.24624
 1293.00   18.21687
 1294.00   18.21908
 1295.00   18.25802
 1296.00   18.21665
 1297.00   18.17668
 1298.00   18.16795
 1299.00   18.23513
 1300.00   18.28242
 1301.00   18.28097
 1302.00   18.27221
 1303.00   18.26768
 1304.00   18.23450
 1305.00   18.26668
 1306.00   18.29247
 1307.00   18.30618
 1308.00   18.35422
 1309.00   18.22217
 1310.00   18.40955
 1311.00   18.38797
 1312.00   18.29509
 1313.00   18.38740
 1314.00   18.34865
 1315.00   18.37643
 1316.00   18.33316
 1317.00   18.37163
 1318.00   18.36918
 1319.00   18.32954
 1320.00   18.39147
 1321.00   18.39548
 1322.00   18.35826
 1323.00   18.40617
 1324.00   18.40370
 1325.00   18.43311
 1326.00   18.46222
 1327.00   18.38552
 1328.00   18.45794
 1329.00   18.50440
 1330.00   18.42826
 1331.00   18.40011
 1332.00   18.32237
 1333.00   18.44626
 1334.00   18.35604
 1335.00   18.27994
 1336.00   18.42837
 1337.00   18.23770
 1338.00   18.28408
 1339.00   18.32863
 1340.00   18.41147
 1341.00   18.36197
 1342.00   18.23197
 1343.00   18.45381
 1344.00   18.37148
 1345.00   18.36827
 1346.00   18.38085
 1347.00   18.34992
 1348.00   18.33002
 1349.00   18.38554
 1350.00   18.38352
 1351.00   18.27623
 1352.00   18.44055
 1353.00   18.42624
 1354.00   18.31939
 1355.00   18.43517
 1356.00   18.47816
 1357.00   18.43918
 1358.00   18.43709
 1359.00   18.36946
 1360.00   18.38961
 1361.00   18.47130
 1362.00   18.34224
 1363.00   18.42577
 1364.00   18.48111
 1365.00   18.48703
 1366.00   18.45928
 1367.00   18.49058
 1368.00   18.35480
 1369.00   18.40612
 1370.00   18.48250
 1371.00   18.45039
 1372.00   18.50131
 1373.00   18.47204
 1374.00   18.48613
 1375.00   18.46545
 1376.00   18.41994
 1377.00   18.43402
 1378.00   18.52568
 1379.00   18.55160
 1380.00   18.41151
 1381.00   18.51611
 1382.00   18.56685
 1383.00   18.55937
 1384.00   18.53171
 1385.00   18.58023
 1386.00   18.50339
 1387.00   18.49050
 1388.00   18.53207
 1389.00   18.48958
 1390.00   18.43424
 1391.00   18.52957
 1392.00   18.50607
 1393.00   18.56330
 1394.00   18.51214
 1395.00   18.46900
 1396.00   18.62820
 1397.00   18.58652
 1398.00   18.53510
 1399.00   18.65025
 1400.00   18.50979
 1401.00   18.49657
 1402.00   18.52849
 1403.00   18.53033
 1404.00   18.52671
 1405.00   18.49016
 1406.00   18.48159
 1407.00   18.51681
 1408.00   18.51985
 1409.00   18.50999
 1410.00   18.47365
 1411.00   18.42427
 1412.00   18.42421
 1413.00   18.37651
 1414.00   18.48461
 1415.00   18.45697
 1416.00   18.36229
 1417.00   18.37327
 1418.00   18.42989
 1419.00   18.45794
 1420.00   18.48718
 1421.00   18.37227
 1422.00   18.46849
 1423.00   18.47589
 1424.00   18.45521
 1425.00   18.48440
 1426.00   18.41673
 1427.00   18.48902
 1428.00   18.46224
 1429.00   18.41736
 1430.00   18.49878
 1431.00   18.51705
 1432.00   18.45194
 1433.00   18.47895
 1434.00   18.51988
 1435.00   18.42670
 1436.00   18.50636
 1437.00   18.58738
 1438.00   18.50772
 1439.00   18.50156
 1440.00   18.56516
 1441.00   18.49084
 1442.00   18.58527
 1443.00   18.59359
 1444.00   18.54306
 1445.00   18.64053
 1446.00   18.64606
 1447.00   18.60027
 1448.00   18.64862
 1449.00   18.67426
 1450.00   18.58118
 1451.00   18.57408
 1452.00   18.67788
 1453.00   18.56113
 1454.00   18.69870
 1455.00   18.63536
 1456.00   18.62054
 1457.00   18.66272
 1458.00   18.61151
 1459.00   18.74114
 1460.00   18.62867
 1461.00   18.58962
 1462.00   18.58978
 1463.00   18.60253
 1464.00   18.56164
 1465.00   18.52453
 1466.00   18.54149
 1467.00   18.55730
 1468.00   18.56316
 1469.00   18.49972
 1470.00   18.53625
 1471.00   18.57613
 1472.00   18.54102
 1473.00   18.46321
 1474.00   18.48092
 1475.00   18.56161
 1476.00   18.61120
 1477.00   18.46583
 1478.00   18.57965
 1479.00   18.54151
 1480.00   18.53044
 1481.00   18.53759
 1482.00   18.51514
 1483.00   18.62824
 1484.00   18.53406
 1485.00   18.46353
 1486.00   18.52960
 1487.00   18.56492
 1488.00   18.48234
 1489.00   18.50628
 1490.00   18.53057
 1491.00   18.58485
 1492.00   18.44450
 1493.00   18.51503
 1494.00   18.51353
 1495.00   18.60974
 1496.00   18.49369
 1497.00   18.42329
