    1.00    0.00000
    2.00    0.21212
    3.00    0.19876
    4.00    0.21481
    5.00    0.41285
    6.00    0.38530
    7.00    0.08400
    8.00    0.61048
    9.00    0.57491
   10.00    0.22211
   11.00    0.79330
   12.00    0.77050
   13.00    0.41602
   14.00    0.98019
   15.00    0.95232
   16.00    0.60550
   17.00    1.16580
   18.00    1.13985
   19.00    0.79136
   20.00    1.35365
   21.00    1.32442
   22.00    0.97837
   23.00    1.53980
   24.00    1.51517
   25.00    1.16791
   26.00    1.69746
   27.00    1.68336
   28.00    1.33588
   29.00    1.87974
   30.00    1.86499
   31.00    1.52140
   32.00    1.76559
   33.00    1.78751
   34.00    2.01977
   35.00    1.88398
   36.00    1.91656
   37.00    2.16262
   38.00    2.02355
   39.00    2.05089
   40.00    2.30181
   41.00    2.14927
   42.00    2.18181
   43.00    2.44981
   44.00    2.29333
   45.00    2.32469
   46.00    2.60046
   47.00    2.44486
   48.00    2.47195
   49.00    2.74905
   50.00    2.92284
   51.00    2.91654
   52.00    2.56598
   53.00    2.76569
   54.00    2.78858
   55.00    3.08153
   56.00    2.92092
   57.00    2.94572
   58.00    3.23750
   59.00    3.40632
   60.00    3.40466
   61.00    3.05512
   62.00    3.57808
   63.00    3.57509
   64.00    3.22807
   65.00    3.75055
   66.00    3.74822
   67.00    3.39970
   68.00    3.92637
   69.00    3.92655
   70.00    3.57598
   71.00    4.10207
   72.00    4.10211
   73.00    3.74962
   74.00    4.27083
   75.00    4.23721
   76.00    3.92607
   77.00    4.43821
   78.00    4.40542
   79.00    4.09668
   80.00    4.60780
   81.00    4.60547
   82.00    4.26393
   83.00    4.77770
   84.00    4.77446
   85.00    4.43392
   86.00    4.94930
   87.00    4.94583
   88.00    4.60443
   89.00    4.79310
   90.00    4.80821
   91.00    5.11619
   92.00    4.95420
   93.00    4.96631
   94.00    5.27652
   95.00    5.44565
   96.00    5.41307
   97.00    5.09498
   98.00    5.28256
   99.00    5.29385
  100.00    5.60837
  101.00    5.77549
  102.00    5.74505
  103.00    5.42552
  104.00    5.93795
  105.00    5.91114
  106.00    5.59702
  107.00    6.10196
  108.00    6.07765
  109.00    5.76378
  110.00    6.26458
  111.00    6.24062
  112.00    5.92632
  113.00    6.42774
  114.00    6.40258
  115.00    6.08978
  116.00    6.59198
  117.00    6.56846
  118.00    6.25330
  119.00    6.43499
  120.00    6.44409
  121.00    6.75978
  122.00    6.59808
  123.00    6.60972
  124.00    6.91944
  125.00    6.75737
  126.00    6.76743
  127.00    7.08030
  128.00    7.25128
  129.00    7.22861
  130.00    6.89675
  131.00    7.08136
  132.00    7.07511
  133.00    7.41619
  134.00    7.58268
  135.00    7.56071
  136.00    7.23850
  137.00    7.74046
  138.00    7.72180
  139.00    7.40953
  140.00    7.90084
  141.00    7.88373
  142.00    7.57263
  143.00    8.06414
  144.00    8.06149
  145.00    7.73174
  146.00    8.22724
  147.00    8.21002
  148.00    7.89611
  149.00    8.38985
  150.00    8.37237
  151.00    8.05871
  152.00    8.55328
  153.00    8.53540
  154.00    8.22112
  155.00    8.71649
  156.00    8.70082
  157.00    8.38522
  158.00    8.88042
  159.00    8.86496
  160.00    8.54669
  161.00    9.04495
  162.00    9.02926
  163.00    8.70931
  164.00    8.88698
  165.00    8.87843
  166.00    9.21190
  167.00    9.38040
  168.00    9.36989
  169.00    9.03518
  170.00    9.54471
  171.00    9.53238
  172.00    9.20698
  173.00    9.70747
  174.00    9.69676
  175.00    9.37193
  176.00    9.54754
  177.00    9.54177
  178.00    9.87254
  179.00   10.04241
  180.00   10.03451
  181.00    9.69491
  182.00    9.87930
  183.00    9.87401
  184.00   10.20584
  185.00   10.38094
  186.00   10.38066
  187.00   10.02726
  188.00   10.54458
  189.00   10.54447
  190.00   10.20382
  191.00   10.38036
  192.00   10.37311
  193.00   10.70868
  194.00   10.87534
  195.00   10.87628
  196.00   10.52865
  197.00   10.70771
  198.00   10.70386
  199.00   11.03746
  200.00   11.20639
  201.00   11.20657
  202.00   10.85827
  203.00   11.36685
  204.00   11.36633
  205.00   11.03061
  206.00   11.19521
  207.00   11.19104
  208.00   11.52847
  209.00   11.37138
  210.00   11.37633
  211.00   11.69059
  212.00   11.86038
  213.00   11.86194
  214.00   11.50892
  215.00   12.02833
  216.00   12.03036
  217.00   11.68585
  218.00   12.18649
  219.00   12.17807
  220.00   11.85673
  221.00   12.33935
  222.00   12.33132
  223.00   12.01458
  224.00   12.49156
  225.00   12.48394
  226.00   12.16980
  227.00   12.64514
  228.00   12.63682
  229.00   12.32106
  230.00   12.80094
  231.00   12.80323
  232.00   12.47403
  233.00   12.96050
  234.00   12.96209
  235.00   12.63355
  236.00   12.80452
  237.00   12.81005
  238.00   13.12577
  239.00   12.96695
  240.00   12.96470
  241.00   13.28549
  242.00   13.13017
  243.00   13.12846
  244.00   13.45095
  245.00   13.62334
  246.00   13.62152
  247.00   13.27725
  248.00   13.78483
  249.00   13.78465
  250.00   13.45025
  251.00   13.94155
  252.00   13.94176
  253.00   13.61262
  254.00   14.09731
  255.00   14.09754
  256.00   13.77308
  257.00   14.25461
  258.00   14.25277
  259.00   13.92772
  260.00   14.41093
  261.00   14.40984
  262.00   14.08281
  263.00   14.56901
  264.00   14.56808
  265.00   14.24043
  266.00   14.72743
  267.00   14.72703
  268.00   14.39880
  269.00   14.57019
  270.00   14.57604
  271.00   14.88225
  272.00   14.72686
  273.00   14.72509
  274.00   15.03610
  275.00   15.20548
  276.00   15.19588
  277.00   14.86272
  278.00   15.04845
  279.00   15.04245
  280.00   15.35902
  281.00   15.20375
  282.00   15.20033
  283.00   15.52054
  284.00   15.36253
  285.00   15.37021
  286.00   15.68011
  287.00   15.52369
  288.00   15.52934
  289.00   15.83678
  290.00   15.67691
  291.00   15.67820
  292.00   15.99390
  293.00   16.15909
  294.00   16.15445
  295.00   15.82140
  296.00   16.31923
  297.00   16.31663
  298.00   15.98301
  299.00   16.15204
  300.00   16.14972
  301.00   16.47469
  302.00   16.63326
  303.00   16.63069
  304.00   16.29706
  305.00   16.78077
  306.00   16.78230
  307.00   16.45865
  308.00   16.61598
  309.00   16.61382
  310.00   16.93987
  311.00   16.77641
  312.00   16.79212
  313.00   17.09134
  314.00   16.93181
  315.00   16.92692
  316.00   17.23617
  317.00   17.07771
  318.00   17.07750
  319.00   17.38184
  320.00   17.52643
  321.00   17.53591
  322.00   17.22241
  323.00   17.68828
  324.00   17.69103
  325.00   17.36274
  326.00   17.54145
  327.00   17.53622
  328.00   17.82734
  329.00   17.67816
  330.00   17.69255
  331.00   17.95961
  332.00   17.81570
  333.00   17.83166
  334.00   18.09254
  335.00   18.08740
  336.00   18.07313
  337.00   18.13079
  338.00   18.08114
  339.00   18.13539
  340.00   18.03071
  341.00   18.16187
  342.00   18.23021
  343.00   18.04413
  344.00   18.25740
  345.00   18.32687
  346.00   18.17967
  347.00   18.38022
  348.00   18.36632
  349.00   18.25829
  350.00   18.28380
  351.00   18.27949
  352.00   18.17519
  353.00   18.20364
  354.00   18.19934
  355.00   18.33767
  356.00   18.14362
  357.00   18.17240
  358.00   18.28839
  359.00   18.29058
  360.00   18.39038
  361.00   18.24758
  362.00   18.30522
  363.00   18.31092
  364.00   18.45357
  365.00   18.38281
  366.00   18.36650
  367.00   18.51377
  368.00   18.26331
  369.00   18.29040
  370.00   18.46350
  371.00   18.38385
  372.00   18.38711
  373.00   18.54868
  374.00   18.47944
  375.00   18.46543
  376.00   18.61136
  377.00   18.38203
  378.00   18.38632
  379.00   18.54968
  380.00   18.30456
  381.00   18.30843
  382.00   18.47397
  383.00   18.20917
  384.00   18.24776
  385.00   18.38187
  386.00   18.29971
  387.00   18.32054
  388.00   18.41371
  389.00   18.33182
  390.00   18.40198
  391.00   18.26544
  392.00   18.36731
  393.00   18.35450
  394.00   18.48714
  395.00   18.52205
  396.00   18.55618
  397.00   18.40783
  398.00   18.47212
  399.00   18.51153
  400.00   18.62482
  401.00   18.61040
  402.00   18.61436
  403.00   18.62107
  404.00   18.59438
  405.00   18.61654
  406.00   18.63484
  407.00   18.60929
  408.00   18.62059
  409.00   18.62221
  410.00   18.58295
  411.00   18.62005
  412.00   18.65724
  413.00   18.59004
  414.00   18.63569
  415.00   18.64007
  416.00   18.60751
  417.00   18.63406
  418.00   18.65405
  419.00   18.62244
  420.00   18.63533
  421.00   18.65862
  422.00   18.64183
  423.00   18.66968
  424.00   18.67786
  425.00   18.66038
  426.00   18.67201
  427.00   18.69048
  428.00   18.66314
  429.00   18.67237
  430.00   18.69109
  431.00   18.64099
  432.00   18.67810
  433.00   18.70646
  434.00   18.66815
  435.00   18.71883
  436.00   18.72880
  437.00   18.74024
  438.00   18.72331
  439.00   18.70725
  440.00   18.71258
  441.00   18.71065
  442.00   18.68903
  443.00   18.67372
  444.00   18.72117
  445.00   18.74656
  446.00   18.72771
  447.00   18.77411
  448.00   18.73891
  449.00   18.70437
  450.00   18.73558
  451.00   18.76726
  452.00   18.65654
  453.00   18.66211
  454.00   18.83190
  455.00   18.80983
  456.00   18.83510
  457.00   18.83310
  458.00   18.81769
  459.00   18.83745
  460.00   18.83085
  461.00   18.82972
  462.00   18.86576
  463.00   18.82973
  464.00   18.82704
  465.00   18.87650
  466.00   18.89342
  467.00   18.89099
  468.00   18.94389
  469.00   18.89560
  470.00   18.86456
  471.00   18.90396
  472.00   18.90151
  473.00   18.90013
  474.00   18.93443
  475.00   18.85976
  476.00   18.83356
  477.00   18.88339
  478.00   18.88099
  479.00   18.86453
  480.00   18.87576
  481.00   18.92902
  482.00   18.84535
  483.00   18.89439
  484.00   18.87615
  485.00   18.88613
  486.00   18.90103
  487.00   18.88443
  488.00   18.88471
  489.00   18.90595
  490.00   18.88288
  491.00   18.85580
  492.00   18.93366
  493.00   18.92984
  494.00   18.90025
  495.00   18.96306
  496.00   18.94042
  497.00   18.94065
  498.00   18.88080
  499.00   18.87512
  500.00   18.89977
  501.00   18.85139
  502.00   18.88745
  503.00   18.89366
  504.00   18.89314
  505.00   18.90531
  506.00   18.87084
  507.00   18.90026
  508.00   18.88949
  509.00   18.86142
  510.00   18.93283
  511.00   18.88936
  512.00   18.91632
  513.00   18.93740
  514.00   18.94521
  515.00   18.95288
  516.00   18.95734
  517.00   18.92341
  518.00   18.93497
  519.00   18.95021
  520.00   19.00079
  521.00   18.94048
  522.00   18.96068
  523.00   18.97239
  524.00   18.95059
  525.00   18.96452
  526.00   18.98914
  527.00   18.91895
  528.00   18.97961
  529.00   19.01645
  530.00   19.04631
  531.00   19.02801
  532.00   19.01928
  533.00   19.02170
  534.00   19.04699
  535.00   19.04952
  536.00   19.10968
  537.00   19.04553
  538.00   19.04144
  539.00   19.07265
  540.00   19.05688
  541.00   19.04850
  542.00   19.08827
  543.00   19.04544
  544.00   19.04340
  545.00   19.02133
  546.00   19.06085
  547.00   19.08739
  548.00   18.99441
  549.00   19.04063
  550.00   19.04497
  551.00   18.97046
  552.00   18.97897
  553.00   18.97627
  554.00   18.94222
  555.00   18.96603
  556.00   18.97490
  557.00   18.94101
  558.00   18.98938
  559.00   18.99934
  560.00   18.94569
  561.00   18.98217
  562.00   18.99851
  563.00   18.95047
  564.00   19.01231
  565.00   18.95566
  566.00   18.96229
  567.00   19.02403
  568.00   18.93425
  569.00   19.01120
  570.00   18.96546
  571.00   18.92155
  572.00   18.88088
  573.00   18.90236
  574.00   18.95452
  575.00   18.85253
  576.00   18.91660
  577.00   18.92809
  578.00   18.86991
  579.00   18.93574
  580.00   18.93266
  581.00   18.90267
  582.00   18.93398
  583.00   18.96108
  584.00   18.90585
  585.00   18.98525
  586.00   18.94284
  587.00   18.93717
  588.00   18.96482
  589.00   18.94603
  590.00   18.93080
  591.00   19.01190
  592.00   18.90164
  593.00   18.97714
  594.00   18.95444
  595.00   18.90405
  596.00   18.88495
  597.00   18.87037
  598.00   18.91425
  599.00   18.83122
  600.00   18.88916
  601.00   18.95161
  602.00   18.91842
  603.00   18.97137
  604.00   18.97797
  605.00   18.92813
  606.00   18.99338
  607.00   18.98996
  608.00   18.99479
  609.00   18.96554
  610.00   19.00034
  611.00   18.95398
  612.00   18.95922
  613.00   19.05921
  614.00   18.90813
  615.00   18.91374
  616.00   19.01468
  617.00   18.92588
  618.00   18.98271
  619.00   18.87690
  620.00   18.82767
  621.00   18.86390
  622.00   18.98453
  623.00   18.92842
  624.00   18.97399
  625.00   19.07715
  626.00   19.04749
  627.00   19.13687
  628.00   19.11752
  629.00   19.06716
  630.00   19.09406
  631.00   19.19134
  632.00   18.98506
  633.00   19.04927
  634.00   19.07760
  635.00   18.90805
  636.00   18.97222
  637.00   19.02438
  638.00   18.89326
  639.00   18.96558
  640.00   18.99867
  641.00   18.91844
  642.00   18.94447
  643.00   19.02711
  644.00   18.86794
  645.00   18.90886
  646.00   18.97133
  647.00   18.92669
  648.00   18.91529
  649.00   18.87310
  650.00   18.80429
  651.00   18.87986
  652.00   18.88946
  653.00   18.76111
  654.00   18.79717
  655.00   18.85011
  656.00   18.71687
  657.00   18.82193
  658.00   18.82007
  659.00   18.78489
  660.00   18.85388
  661.00   18.77871
  662.00   18.71989
  663.00   18.77626
  664.00   18.82282
  665.00   18.79446
  666.00   18.79092
  667.00   18.83267
  668.00   18.76952
  669.00   18.76503
  670.00   18.81375
  671.00   18.74808
  672.00   18.74257
  673.00   18.76475
  674.00   18.72243
  675.00   18.70218
  676.00   18.75654
  677.00   18.64001
  678.00   18.67739
  679.00   18.69963
  680.00   18.66141
  681.00   18.61490
  682.00   18.68040
  683.00   18.59992
  684.00   18.56144
  685.00   18.64812
  686.00   18.54748
  687.00   18.57401
  688.00   18.60133
  689.00   18.60430
  690.00   18.61733
  691.00   18.59759
  692.00   18.63438
  693.00   18.64785
  694.00   18.62783
  695.00   18.65992
  696.00   18.66618
  697.00   18.64564
  698.00   18.64590
  699.00   18.69995
  700.00   18.68324
  701.00   18.69875
  702.00   18.64727
  703.00   18.75455
  704.00   18.66904
  705.00   18.69095
  706.00   18.67466
  707.00   18.65853
  708.00   18.68626
  709.00   18.61985
  710.00   18.54726
  711.00   18.66595
  712.00   18.61846
  713.00   18.72723
  714.00   18.62980
  715.00   18.65607
  716.00   18.67229
  717.00   18.62040
  718.00   18.61996
  719.00   18.54509
  720.00   18.67759
  721.00   18.59008
  722.00   18.63478
  723.00   18.60556
  724.00   18.58627
  725.00   18.59480
  726.00   18.52103
  727.00   18.62760
  728.00   18.65151
  729.00   18.54396
  730.00   18.57265
  731.00   18.51706
  732.00   18.54366
  733.00   18.52943
  734.00   18.59027
  735.00   18.50487
  736.00   18.53425
  737.00   18.51470
  738.00   18.51875
  739.00   18.51094
  740.00   18.49240
  741.00   18.46029
  742.00   18.55053
  743.00   18.47714
  744.00   18.44855
  745.00   18.43463
  746.00   18.46213
  747.00   18.44477
  748.00   18.40699
  749.00   18.41850
  750.00   18.37253
  751.00   18.37343
  752.00   18.40399
  753.00   18.34303
  754.00   18.32511
  755.00   18.36419
  756.00   18.31730
  757.00   18.31796
  758.00   18.36259
  759.00   18.34482
  760.00   18.30715
  761.00   18.40714
  762.00   18.41427
  763.00   18.34295
  764.00   18.43580
  765.00   18.37904
  766.00   18.42552
  767.00   18.50357
  768.00   18.45120
  769.00   18.40455
  770.00   18.39352
  771.00   18.39376
  772.00   18.46200
  773.00   18.35996
  774.00   18.46729
  775.00   18.40198
  776.00   18.42998
  777.00   18.39016
  778.00   18.36471
  779.00   18.37166
  780.00   18.36970
  781.00   18.48061
  782.00   18.51615
  783.00   18.50740
  784.00   18.44863
  785.00   18.44311
  786.00   18.53172
  787.00   18.51772
  788.00   18.51484
  789.00   18.53998
  790.00   18.44850
  791.00   18.54646
  792.00   18.54454
  793.00   18.48567
  794.00   18.55472
  795.00   18.52580
  796.00   18.52594
  797.00   18.55249
  798.00   18.52719
  799.00   18.43728
  800.00   18.49002
  801.00   18.49670
  802.00   18.56724
  803.00   18.61388
  804.00   18.62208
  805.00   18.51412
  806.00   18.50575
  807.00   18.52422
  808.00   18.53378
  809.00   18.51692
  810.00   18.52042
  811.00   18.57061
  812.00   18.59371
  813.00   18.57168
  814.00   18.50389
  815.00   18.65588
  816.00   18.61959
  817.00   18.50586
  818.00   18.59515
  819.00   18.57343
  820.00   18.65872
  821.00   18.67010
  822.00   18.72306
  823.00   18.63529
  824.00   18.63614
  825.00   18.67927
  826.00   18.71550
  827.00   18.67044
  828.00   18.70854
  829.00   18.71563
  830.00   18.74667
  831.00   18.74488
  832.00   18.67513
  833.00   18.78472
  834.00   18.74067
  835.00   18.77512
  836.00   18.73615
  837.00   18.70668
  838.00   18.75490
  839.00   18.67387
  840.00   18.71325
  841.00   18.77469
  842.00   18.73897
  843.00   18.72906
  844.00   18.75594
  845.00   18.70593
  846.00   18.71178
  847.00   18.77071
  848.00   18.67843
  849.00   18.69758
  850.00   18.75181
  851.00   18.66065
  852.00   18.65003
  853.00   18.75316
  854.00   18.58600
  855.00   18.61505
  856.00   18.63517
  857.00   18.68964
  858.00   18.64056
  859.00   18.59382
  860.00   18.76992
  861.00   18.71292
  862.00   18.66772
  863.00   18.70667
  864.00   18.76221
  865.00   18.78936
  866.00   18.78816
  867.00   18.82078
  868.00   18.76962
  869.00   18.86316
  870.00   18.83080
  871.00   18.70326
  872.00   18.73332
  873.00   18.72187
  874.00   18.65731
  875.00   18.74472
  876.00   18.76893
  877.00   18.62197
  878.00   18.54506
  879.00   18.59382
  880.00   18.64341
  881.00   18.67864
  882.00   18.72970
  883.00   18.57389
  884.00   18.63695
  885.00   18.62958
  886.00   18.71129
  887.00   18.66818
  888.00   18.63024
  889.00   18.56547
  890.00   18.55354
  891.00   18.60471
  892.00   18.66062
  893.00   18.60063
  894.00   18.64336
  895.00   18.71339
  896.00   18.56268
  897.00   18.56886
  898.00   18.69514
  899.00   18.52016
  900.00   18.48911
  901.00   18.59073
  902.00   18.51932
  903.00   18.56503
  904.00   18.61830
  905.00   18.43070
  906.00   18.46048
  907.00   18.52522
  908.00   18.47404
  909.00   18.44785
  910.00   18.57343
  911.00   18.49470
  912.00   18.56987
  913.00   18.64365
  914.00   18.48362
  915.00   18.55472
  916.00   18.59862
  917.00   18.48989
  918.00   18.48895
  919.00   18.56356
  920.00   18.45173
  921.00   18.55358
  922.00   18.60645
  923.00   18.44377
  924.00   18.51694
  925.00   18.61706
  926.00   18.44734
  927.00   18.46174
  928.00   18.56964
  929.00   18.48958
  930.00   18.46712
  931.00   18.59660
  932.00   18.42111
  933.00   18.42735
  934.00   18.50997
  935.00   18.36314
  936.00   18.32125
  937.00   18.47375
  938.00   18.39263
  939.00   18.47644
  940.00   18.55685
  941.00   18.39089
  942.00   18.38283
  943.00   18.52562
  944.00   18.41311
  945.00   18.42437
  946.00   18.28833
  947.00   18.36473
  948.00   18.37924
  949.00   18.49046
  950.00   18.40191
  951.00   18.43764
  952.00   18.55401
  953.00   18.46232
  954.00   18.53809
  955.00   18.59770
  956.00   18.46483
  957.00   18.49796
  958.00   18.61241
  959.00   18.51635
  960.00   18.60545
  961.00   18.67215
  962.00   18.64339
  963.00   18.69414
  964.00   18.51095
  965.00   18.56837
  966.00   18.64527
  967.00   18.76338
  968.00   18.63850
  969.00   18.68852
  970.00   18.56581
  971.00   18.57222
  972.00   18.54194
  973.00   18.69733
  974.00   18.59577
  975.00   18.60280
  976.00   18.48453
  977.00   18.52453
  978.00   18.51230
  979.00   18.66517
  980.00   18.43111
  981.00   18.47177
  982.00   18.57118
  983.00   18.45736
  984.00   18.52826
  985.00   18.61224
  986.00   18.43635
  987.00   18.46694
  988.00   18.56207
  989.00   18.42843
  990.00   18.57464
  991.00   18.63212
  992.00   18.51464
  993.00   18.52347
  994.00   18.64550
  995.00   18.67703
  996.00   18.70314
  997.00   18.56106
  998.00   18.59720
  999.00   18.64377
 1000.00   18.78313
 1001.00   18.67259
 1002.00   18.75870
 1003.00   18.85707
 1004.00   18.65412
 1005.00   18.68801
 1006.00   18.77035
 1007.00   18.59626
 1008.00   18.59952
 1009.00   18.73716
 1010.00   18.68484
 1011.00   18.62431
 1012.00   18.78196
 1013.00   18.61278
 1014.00   18.63405
 1015.00   18.70501
 1016.00   18.59807
 1017.00   18.70596
 1018.00   18.56293
 1019.00   18.74122
 1020.00   18.78503
 1021.00   18.63203
 1022.00   18.68801
 1023.00   18.72726
 1024.00   18.88643
 1025.00   18.57949
 1026.00   18.70343
 1027.00   18.80199
 1028.00   18.85409
 1029.00   18.81336
 1030.00   18.69392
 1031.00   18.74284
 1032.00   18.73127
 1033.00   18.81605
 1034.00   18.77490
 1035.00   18.74270
 1036.00   18.84142
 1037.00   18.71152
 1038.00   18.68905
 1039.00   18.86586
 1040.00   18.91221
 1041.00   18.90070
 1042.00   18.82088
 1043.00   18.80129
 1044.00   18.82642
 1045.00   18.95012
 1046.00   18.84013
 1047.00   18.84338
 1048.00   18.79061
 1049.00   18.79081
 1050.00   18.84383
 1051.00   18.72150
 1052.00   18.72853
 1053.00   18.81936
 1054.00   18.87988
 1055.00   18.74560
 1056.00   18.78299
 1057.00   18.83551
 1058.00   18.71149
 1059.00   18.75595
 1060.00   18.81130
 1061.00   18.73674
 1062.00   18.76881
 1063.00   18.82029
 1064.00   18.71479
 1065.00   18.71423
 1066.00   18.75813
 1067.00   18.65243
 1068.00   18.65777
 1069.00   18.73270
 1070.00   18.58600
 1071.00   18.57985
 1072.00   18.65382
 1073.00   18.61445
 1074.00   18.65704
 1075.00   18.49971
 1076.00   18.68935
 1077.00   18.72697
 1078.00   18.59113
 1079.00   18.66417
 1080.00   18.66850
 1081.00   18.78134
 1082.00   18.66555
 1083.00   18.73995
 1084.00   18.79068
 1085.00   18.66618
 1086.00   18.67569
 1087.00   18.77189
 1088.00   18.54337
 1089.00   18.62387
 1090.00   18.73485
 1091.00   18.60731
 1092.00   18.69379
 1093.00   18.82044
 1094.00   18.76023
 1095.00   18.74127
 1096.00   18.90552
 1097.00   18.94922
 1098.00   18.95394
 1099.00   18.86185
 1100.00   18.85054
 1101.00   18.90368
 1102.00   18.99160
 1103.00   18.78605
 1104.00   18.82357
 1105.00   18.96579
 1106.00   19.00538
 1107.00   18.98237
 1108.00   18.92218
 1109.00   18.87662
 1110.00   18.96103
 1111.00   19.05033
 1112.00   18.89239
 1113.00   18.92548
 1114.00   18.83698
 1115.00   18.82612
 1116.00   18.86359
 1117.00   18.97613
 1118.00   18.74851
 1119.00   18.85333
 1120.00   18.92933
 1121.00   18.96174
 1122.00   18.99690
 1123.00   18.91395
 1124.00   18.98359
 1125.00   18.94974
 1126.00   18.86159
 1127.00   18.89072
 1128.00   18.96421
 1129.00   18.92738
 1130.00   18.81825
 1131.00   18.86034
 1132.00   18.91269
 1133.00   18.84591
 1134.00   18.95423
 1135.00   18.80533
 1136.00   18.91199
 1137.00   18.87453
 1138.00   19.00138
 1139.00   18.82811
 1140.00   18.87337
 1141.00   18.94414
 1142.00   18.85320
 1143.00   18.92265
 1144.00   18.96525
 1145.00   18.84661
 1146.00   18.97596
 1147.00   18.97131
 1148.00   19.02373
 1149.00   19.00425
 1150.00   18.90886
 1151.00   18.94155
 1152.00   18.93763
 1153.00   19.05542
 1154.00   18.80973
 1155.00   18.91609
 1156.00   18.94129
 1157.00   18.93726
 1158.00   19.01373
 1159.00   18.83939
 1160.00   18.82596
 1161.00   18.90101
 1162.00   18.97707
 1163.00   18.81047
 1164.00   18.86481
 1165.00   18.91065
 1166.00   18.83362
 1167.00   18.88222
 1168.00   18.96914
 1169.00   18.91108
 1170.00   18.88250
 1171.00   18.85272
 1172.00   18.77899
 1173.00   18.84233
 1174.00   18.92557
 1175.00   18.73242
 1176.00   18.82364
 1177.00   18.88307
 1178.00   18.86244
 1179.00   18.97338
 1180.00   18.81856
 1181.00   19.00195
 1182.00   19.00822
 1183.00   18.95878
 1184.00   19.02645
 1185.00   19.03688
 1186.00   18.93846
 1187.00   18.84047
 1188.00   18.88860
 1189.00   18.94883
 1190.00   18.89617
 1191.00   18.87217
 1192.00   18.95842
 1193.00   18.93003
 1194.00   18.96609
 1195.00   18.92480
 1196.00   18.89661
 1197.00   19.02310
 1198.00   18.84745
 1199.00   18.93206
 1200.00   18.98801
 1201.00   19.06180
 1202.00   19.02264
 1203.00   19.00654
 1204.00   18.94142
 1205.00   18.92363
 1206.00   19.01118
 1207.00   18.88851
 1208.00   19.07647
 1209.00   19.04186
 1210.00   18.95232
 1211.00   19.07159
 1212.00   19.11685
 1213.00   19.00045
 1214.00   19.10908
 1215.00   19.10431
 1216.00   19.02807
 1217.00   18.96796
 1218.00   19.00363
 1219.00   19.07402
 1220.00   19.03216
 1221.00   19.04262
 1222.00   18.94160
 1223.00   18.93815
 1224.00   19.08494
 1225.00   19.05504
 1226.00   19.00386
 1227.00   18.99055
 1228.00   19.11420
 1229.00   19.05227
 1230.00   19.10664
 1231.00   19.14880
 1232.00   19.03006
 1233.00   19.04687
 1234.00   19.14321
 1235.00   18.97573
 1236.00   18.98773
 1237.00   19.10759
 1238.00   19.14341
 1239.00   19.17235
 1240.00   19.03341
 1241.00   19.08012
 1242.00   19.18605
 1243.00   19.13792
 1244.00   19.08484
 1245.00   19.16800
 1246.00   19.23691
 1247.00   19.13803
 1248.00   19.10377
 1249.00   19.18905
 1250.00   19.12196
 1251.00   19.15556
 1252.00   19.19570
 1253.00   19.15125
 1254.00   19.22337
 1255.00   19.05865
 1256.00   19.24298
 1257.00   19.25707
 1258.00   19.18773
 1259.00   19.21731
 1260.00   19.15998
 1261.00   19.26750
 1262.00   19.25072
 1263.00   19.21738
 1264.00   19.17547
 1265.00   19.17596
 1266.00   19.23068
 1267.00   19.14619
 1268.00   19.11554
 1269.00   19.12162
 1270.00   19.22896
 1271.00   19.13780
 1272.00   19.13721
 1273.00   19.06863
 1274.00   19.05833
 1275.00   19.08334
 1276.00   19.04313
 1277.00   19.09037
 1278.00   19.06303
 1279.00   18.99758
 1280.00   19.05194
 1281.00   19.02377
 1282.00   18.93791
 1283.00   18.97010
 1284.00   18.96600
 1285.00   19.11044
 1286.00   19.04490
 1287.00   19.09893
 1288.00   19.12383
 1289.00   19.08841
 1290.00   19.02475
 1291.00   19.11090
 1292.00   18.96580
 1293.00   18.98300
 1294.00   19.08024
 1295.00   18.99828
 1296.00   19.04180
 1297.00   19.13373
 1298.00   19.07761
 1299.00   19.18093
 1300.00   19.15451
 1301.00   19.21613
 1302.00   19.24641
 1303.00   19.11519
 1304.00   19.05312
 1305.00   19.11734
 1306.00   19.11554
 1307.00   19.07084
 1308.00   19.09227
 1309.00   19.14377
 1310.00   19.07268
 1311.00   19.17830
 1312.00   19.15684
 1313.00   19.02970
 1314.00   19.02191
 1315.00   19.07174
 1316.00   18.91874
 1317.00   18.98288
 1318.00   19.05272
 1319.00   18.88189
 1320.00   18.84392
 1321.00   19.00281
 1322.00   19.00381
 1323.00   18.94384
 1324.00   19.03364
 1325.00   18.93911
 1326.00   18.97672
 1327.00   19.03787
 1328.00   19.00339
 1329.00   19.07079
 1330.00   19.06054
 1331.00   19.00656
 1332.00   19.11193
 1333.00   19.09155
 1334.00   19.04902
 1335.00   19.07828
 1336.00   19.13464
 1337.00   19.00937
 1338.00   19.11216
 1339.00   19.07879
 1340.00   18.95335
 1341.00   19.06325
 1342.00   19.00939
 1343.00   18.99994
 1344.00   19.01764
 1345.00   18.96060
 1346.00   18.92658
 1347.00   18.94834
 1348.00   19.03136
 1349.00   19.08062
 1350.00   19.07537
 1351.00   18.95527
 1352.00   19.08824
 1353.00   19.08297
 1354.00   19.08999
 1355.00   19.06821
 1356.00   19.04754
 1357.00   19.09487
 1358.00   19.07669
 1359.00   19.15025
 1360.00   19.04617
 1361.00   19.21672
 1362.00   19.16906
 1363.00   19.10885
 1364.00   19.26167
 1365.00   19.16072
 1366.00   19.22184
 1367.00   19.12914
 1368.00   19.26931
 1369.00   19.17961
 1370.00   19.21087
 1371.00   19.29789
 1372.00   19.25139
 1373.00   19.22536
 1374.00   19.30988
 1375.00   19.25722
 1376.00   19.23689
 1377.00   19.27259
 1378.00   19.20331
 1379.00   19.22696
 1380.00   19.25589
 1381.00   19.14433
 1382.00   19.27684
 1383.00   19.20745
 1384.00   19.24259
 1385.00   19.17702
 1386.00   19.19505
 1387.00   19.26521
 1388.00   19.25177
 1389.00   19.24111
 1390.00   19.23874
 1391.00   19.23040
 1392.00   19.20270
 1393.00   19.18775
 1394.00   19.25167
 1395.00   19.24844
 1396.00   19.22104
 1397.00   19.21989
 1398.00   19.23167
 1399.00   19.23888
 1400.00   19.23084
 1401.00   19.17003
 1402.00   19.24897
 1403.00   19.19941
 1404.00   19.23308
 1405.00   19.19693
 1406.00   19.18880
 1407.00   19.24759
 1408.00   19.23936
 1409.00   19.20591
 1410.00   19.16906
 1411.00   19.11814
 1412.00   19.20475
 1413.00   19.16305
 1414.00   19.11182
 1415.00   19.19616
 1416.00   19.16095
 1417.00   19.16649
 1418.00   19.12086
 1419.00   19.18437
 1420.00   19.13499
 1421.00   19.18786
 1422.00   19.18651
 1423.00   19.13176
 1424.00   19.14378
 1425.00   19.23396
 1426.00   19.14131
 1427.00   19.13837
 1428.00   19.21737
 1429.00   19.19467
 1430.00   19.16894
 1431.00   19.11928
 1432.00   19.09597
 1433.00   19.07648
 1434.00   19.10466
 1435.00   19.01272
 1436.00   19.10891
 1437.00   19.09986
 1438.00   19.03655
 1439.00   19.09236
 1440.00   19.14974
 1441.00   19.00436
 1442.00   19.19246
 1443.00   19.18457
 1444.00   19.06267
 1445.00   19.05255
 1446.00   19.10581
 1447.00   19.01122
 1448.00   19.12988
 1449.00   19.16120
 1450.00   19.09360
 1451.00   19.09055
 1452.00   19.16100
 1453.00   19.03563
 1454.00   19.07462
 1455.00   19.08606
 1456.00   19.23438
 1457.00   19.22542
 1458.00   19.21592
 1459.00   19.24009
 1460.00   19.14011
 1461.00   19.28547
 1462.00   19.23383
 1463.00   19.04256
 1464.00   19.11106
 1465.00   19.17060
 1466.00   19.04520
 1467.00   19.07461
 1468.00   19.12035
 1469.00   19.15615
 1470.00   19.10416
 1471.00   19.07597
 1472.00   19.07794
 1473.00   19.07423
 1474.00   19.08066
 1475.00   19.01507
 1476.00   19.01327
 1477.00   19.08372
 1478.00   19.01715
 1479.00   19.04388
 1480.00   18.94126
 1481.00   18.97820
 1482.00   18.98335
 1483.00   19.11054
 1484.00   19.00476
 1485.00   19.10001
 1486.00   19.11414
 1487.00   18.91673
 1488.00   18.94545
 1489.00   19.00066
 1490.00   18.79748
 1491.00   18.90614
 1492.00   18.94977
 1493.00   18.98233
 1494.00   18.92006
 1495.00   18.86336
 1496.00   19.03072
 1497.00   19.03653
