    1.00    0.00000
    2.00    0.21343
    3.00    0.20348
    4.00    0.21578
    5.00    0.41664
    6.00    0.38968
    7.00    0.08519
    8.00    0.61503
    9.00    0.58231
   10.00    0.21871
   11.00    0.79984
   12.00    0.77570
   13.00    0.41068
   14.00    0.98678
   15.00    0.95625
   16.00    0.60044
   17.00    1.17340
   18.00    1.14583
   19.00    0.78501
   20.00    1.36225
   21.00    1.33314
   22.00    0.98054
   23.00    1.54678
   24.00    1.52477
   25.00    1.17026
   26.00    1.72575
   27.00    1.70946
   28.00    1.36828
   29.00    1.90643
   30.00    1.89055
   31.00    1.53979
   32.00    1.77542
   33.00    1.80532
   34.00    2.05505
   35.00    1.92253
   36.00    1.95035
   37.00    2.19518
   38.00    2.36747
   39.00    2.36112
   40.00    2.01302
   41.00    2.21904
   42.00    2.25200
   43.00    2.52382
   44.00    2.69742
   45.00    2.69019
   46.00    2.34226
   47.00    2.54407
   48.00    2.57451
   49.00    2.86056
   50.00    3.03479
   51.00    3.02716
   52.00    2.67761
   53.00    2.87672
   54.00    2.90102
   55.00    3.19636
   56.00    3.37056
   57.00    3.36476
   58.00    3.01459
   59.00    3.20968
   60.00    3.23120
   61.00    3.53470
   62.00    3.36516
   63.00    3.34635
   64.00    3.69595
   65.00    3.87132
   66.00    3.86932
   67.00    3.51233
   68.00    4.03897
   69.00    3.99925
   70.00    3.68987
   71.00    4.20915
   72.00    4.16829
   73.00    3.85589
   74.00    4.37924
   75.00    4.37207
   76.00    4.02723
   77.00    4.55270
   78.00    4.54170
   79.00    4.19904
   80.00    4.72756
   81.00    4.71543
   82.00    4.37150
   83.00    4.90058
   84.00    4.89203
   85.00    4.54770
   86.00    4.73659
   87.00    4.72688
   88.00    5.07199
   89.00    4.90736
   90.00    4.92110
   91.00    5.23933
   92.00    5.41550
   93.00    5.38435
   94.00    5.05538
   95.00    5.58069
   96.00    5.55226
   97.00    5.23275
   98.00    5.74821
   99.00    5.71951
  100.00    5.40174
  101.00    5.58521
  102.00    5.59787
  103.00    5.91988
  104.00    5.75362
  105.00    5.76210
  106.00    6.08668
  107.00    5.91979
  108.00    5.93159
  109.00    6.25599
  110.00    6.09287
  111.00    6.09970
  112.00    6.41898
  113.00    6.59551
  114.00    6.57247
  115.00    6.23275
  116.00    6.76611
  117.00    6.74558
  118.00    6.41127
  119.00    6.59312
  120.00    6.60351
  121.00    6.93350
  122.00    6.76274
  123.00    6.77268
  124.00    7.09632
  125.00    7.27123
  126.00    7.25385
  127.00    6.90923
  128.00    7.43970
  129.00    7.42405
  130.00    7.08371
  131.00    7.60551
  132.00    7.58711
  133.00    7.25719
  134.00    7.76817
  135.00    7.75061
  136.00    7.42546
  137.00    7.59626
  138.00    7.60571
  139.00    7.94038
  140.00    8.10904
  141.00    8.09334
  142.00    7.75750
  143.00    8.27235
  144.00    8.25622
  145.00    7.92817
  146.00    8.43959
  147.00    8.43579
  148.00    8.09453
  149.00    8.60393
  150.00    8.60114
  151.00    8.26482
  152.00    8.76714
  153.00    8.76505
  154.00    8.43279
  155.00    8.59629
  156.00    8.59219
  157.00    8.93796
  158.00    9.10514
  159.00    9.10885
  160.00    8.75908
  161.00    9.26922
  162.00    9.25859
  163.00    8.92899
  164.00    9.43393
  165.00    9.42327
  166.00    9.09420
  167.00    9.60177
  168.00    9.60231
  169.00    9.25672
  170.00    9.76916
  171.00    9.75738
  172.00    9.42560
  173.00    9.93814
  174.00    9.92803
  175.00    9.59364
  176.00    9.77433
  177.00    9.78207
  178.00   10.11060
  179.00    9.94560
  180.00    9.95350
  181.00   10.28350
  182.00   10.46191
  183.00   10.46305
  184.00   10.10517
  185.00   10.63269
  186.00   10.63212
  187.00   10.28525
  188.00   10.79803
  189.00   10.79810
  190.00   10.45620
  191.00   10.96163
  192.00   10.95215
  193.00   10.62196
  194.00   11.12709
  195.00   11.11693
  196.00   10.78559
  197.00   11.29435
  198.00   11.28282
  199.00   10.95005
  200.00   11.12767
  201.00   11.12346
  202.00   11.46490
  203.00   11.29944
  204.00   11.29676
  205.00   11.63579
  206.00   11.81224
  207.00   11.81525
  208.00   11.45964
  209.00   11.64384
  210.00   11.64433
  211.00   11.98519
  212.00   12.15674
  213.00   12.16091
  214.00   11.80618
  215.00   12.32454
  216.00   12.31629
  217.00   11.98434
  218.00   12.48693
  219.00   12.47781
  220.00   12.14949
  221.00   12.64751
  222.00   12.63827
  223.00   12.31320
  224.00   12.81022
  225.00   12.81023
  226.00   12.47257
  227.00   12.97362
  228.00   12.97392
  229.00   12.63874
  230.00   13.13875
  231.00   13.13925
  232.00   12.80223
  233.00   13.30333
  234.00   13.29413
  235.00   12.96932
  236.00   13.46805
  237.00   13.45691
  238.00   13.13130
  239.00   13.63173
  240.00   13.62283
  241.00   13.29509
  242.00   13.79464
  243.00   13.78693
  244.00   13.45324
  245.00   13.62845
  246.00   13.62729
  247.00   13.96640
  248.00   14.13570
  249.00   14.12650
  250.00   13.79379
  251.00   14.29607
  252.00   14.28664
  253.00   13.96096
  254.00   14.45591
  255.00   14.44442
  256.00   14.11904
  257.00   14.61827
  258.00   14.61769
  259.00   14.27989
  260.00   14.45310
  261.00   14.46055
  262.00   14.78698
  263.00   14.95790
  264.00   14.95494
  265.00   14.61419
  266.00   14.79066
  267.00   14.80723
  268.00   15.12060
  269.00   14.95955
  270.00   14.97968
  271.00   15.28417
  272.00   15.45316
  273.00   15.45828
  274.00   15.11395
  275.00   15.29196
  276.00   15.31274
  277.00   15.62150
  278.00   15.78707
  279.00   15.79151
  280.00   15.45138
  281.00   15.94223
  282.00   15.92148
  283.00   15.62137
  284.00   16.08495
  285.00   16.09554
  286.00   15.78543
  287.00   15.94048
  288.00   15.95394
  289.00   16.24973
  290.00   16.10094
  291.00   16.11610
  292.00   16.40186
  293.00   16.25521
  294.00   16.27319
  295.00   16.55910
  296.00   16.41439
  297.00   16.43013
  298.00   16.70905
  299.00   16.56486
  300.00   16.58220
  301.00   16.86035
  302.00   17.01477
  303.00   17.02980
  304.00   16.70238
  305.00   17.17531
  306.00   17.18955
  307.00   16.87401
  308.00   17.03215
  309.00   17.05163
  310.00   17.34088
  311.00   17.48142
  312.00   17.49785
  313.00   17.18120
  314.00   17.62782
  315.00   17.64300
  316.00   17.35009
  317.00   17.76841
  318.00   17.78351
  319.00   17.49942
  320.00   17.62975
  321.00   17.64837
  322.00   17.92705
  323.00   17.78434
  324.00   17.80528
  325.00   18.06388
  326.00   18.19945
  327.00   18.21511
  328.00   17.92272
  329.00   18.34368
  330.00   18.35689
  331.00   18.07405
  332.00   18.47569
  333.00   18.49140
  334.00   18.21904
  335.00   18.51723
  336.00   18.50040
  337.00   18.49079
  338.00   18.51815
  339.00   18.49307
  340.00   18.50512
  341.00   18.52094
  342.00   18.55895
  343.00   18.50837
  344.00   18.54221
  345.00   18.59798
  346.00   18.57030
  347.00   18.53353
  348.00   18.58950
  349.00   18.66428
  350.00   18.66617
  351.00   18.61011
  352.00   18.67316
  353.00   18.62762
  354.00   18.70273
  355.00   18.70253
  356.00   18.69300
  357.00   18.66122
  358.00   18.72370
  359.00   18.61042
  360.00   18.65142
  361.00   18.72406
  362.00   18.60419
  363.00   18.65791
  364.00   18.70792
  365.00   18.71557
  366.00   18.72748
  367.00   18.68520
  368.00   18.69941
  369.00   18.78064
  370.00   18.70735
  371.00   18.75188
  372.00   18.78827
  373.00   18.79208
  374.00   18.77135
  375.00   18.79528
  376.00   18.78159
  377.00   18.77401
  378.00   18.82343
  379.00   18.76865
  380.00   18.77164
  381.00   18.82945
  382.00   18.86384
  383.00   18.76310
  384.00   18.74649
  385.00   18.78519
  386.00   18.71574
  387.00   18.71451
  388.00   18.75716
  389.00   18.78252
  390.00   18.76186
  391.00   18.63733
  392.00   18.75539
  393.00   18.79558
  394.00   18.76410
  395.00   18.76644
  396.00   18.80801
  397.00   18.78294
  398.00   18.75854
  399.00   18.80122
  400.00   18.76891
  401.00   18.72220
  402.00   18.70231
  403.00   18.85575
  404.00   18.75758
  405.00   18.76507
  406.00   18.67191
  407.00   18.62531
  408.00   18.61275
  409.00   18.77703
  410.00   18.84575
  411.00   18.85708
  412.00   18.71380
  413.00   18.77988
  414.00   18.88780
  415.00   18.85905
  416.00   18.89965
  417.00   18.90339
  418.00   18.81857
  419.00   18.87906
  420.00   18.91993
  421.00   18.87947
  422.00   18.92689
  423.00   18.96768
  424.00   18.82051
  425.00   18.93460
  426.00   18.94852
  427.00   19.01243
  428.00   18.93574
  429.00   18.93044
  430.00   18.92480
  431.00   18.93458
  432.00   18.90936
  433.00   18.94357
  434.00   18.89138
  435.00   18.92286
  436.00   18.95627
  437.00   18.86765
  438.00   18.90939
  439.00   18.95629
  440.00   18.86798
  441.00   18.89117
  442.00   18.92783
  443.00   18.88185
  444.00   18.84975
  445.00   18.91124
  446.00   18.83850
  447.00   18.82981
  448.00   18.84991
  449.00   18.85873
  450.00   18.87291
  451.00   18.81212
  452.00   18.82288
  453.00   18.87706
  454.00   18.79848
  455.00   18.84853
  456.00   18.84388
  457.00   18.77749
  458.00   18.70413
  459.00   18.71621
  460.00   18.89673
  461.00   18.63856
  462.00   18.67350
  463.00   18.78836
  464.00   18.85624
  465.00   18.82554
  466.00   18.78010
  467.00   18.69459
  468.00   18.78830
  469.00   18.84725
  470.00   18.74422
  471.00   18.74297
  472.00   18.86244
  473.00   18.82304
  474.00   18.76969
  475.00   18.67516
  476.00   18.57633
  477.00   18.61769
  478.00   18.77924
  479.00   18.66491
  480.00   18.70659
  481.00   18.54721
  482.00   18.68946
  483.00   18.65784
  484.00   18.74871
  485.00   18.61455
  486.00   18.66633
  487.00   18.72793
  488.00   18.73467
  489.00   18.75691
  490.00   18.58007
  491.00   18.73526
  492.00   18.80815
  493.00   18.68736
  494.00   18.69498
  495.00   18.71968
  496.00   18.66864
  497.00   18.60146
  498.00   18.62705
  499.00   18.74641
  500.00   18.63882
  501.00   18.65973
  502.00   18.57502
  503.00   18.52638
  504.00   18.60638
  505.00   18.60620
  506.00   18.52585
  507.00   18.58819
  508.00   18.66731
  509.00   18.49610
  510.00   18.55907
  511.00   18.65557
  512.00   18.55161
  513.00   18.59987
  514.00   18.54179
  515.00   18.55527
  516.00   18.61321
  517.00   18.52424
  518.00   18.44820
  519.00   18.48821
  520.00   18.59964
  521.00   18.45666
  522.00   18.48889
  523.00   18.56136
  524.00   18.41807
  525.00   18.45883
  526.00   18.50276
  527.00   18.46909
  528.00   18.41682
  529.00   18.44003
  530.00   18.40462
  531.00   18.36975
  532.00   18.42059
  533.00   18.29621
  534.00   18.36444
  535.00   18.43171
  536.00   18.38885
  537.00   18.35759
  538.00   18.46937
  539.00   18.38721
  540.00   18.44795
  541.00   18.39650
  542.00   18.35266
  543.00   18.38243
  544.00   18.41067
  545.00   18.39720
  546.00   18.31537
  547.00   18.36766
  548.00   18.33530
  549.00   18.37560
  550.00   18.28082
  551.00   18.29790
  552.00   18.40689
  553.00   18.40529
  554.00   18.37048
  555.00   18.36780
  556.00   18.44479
  557.00   18.38037
  558.00   18.42096
  559.00   18.36508
  560.00   18.38910
  561.00   18.46605
  562.00   18.36768
  563.00   18.36468
  564.00   18.50428
  565.00   18.42653
  566.00   18.39904
  567.00   18.48776
  568.00   18.43853
  569.00   18.37292
  570.00   18.35017
  571.00   18.45305
  572.00   18.30526
  573.00   18.37943
  574.00   18.34429
  575.00   18.37926
  576.00   18.34407
  577.00   18.39473
  578.00   18.34671
  579.00   18.40204
  580.00   18.33407
  581.00   18.35392
  582.00   18.40800
  583.00   18.33867
  584.00   18.40213
  585.00   18.48008
  586.00   18.40739
  587.00   18.42248
  588.00   18.48872
  589.00   18.42742
  590.00   18.48719
  591.00   18.55211
  592.00   18.47434
  593.00   18.49681
  594.00   18.57447
  595.00   18.49096
  596.00   18.55747
  597.00   18.55454
  598.00   18.54012
  599.00   18.55606
  600.00   18.53538
  601.00   18.54922
  602.00   18.53049
  603.00   18.59460
  604.00   18.53702
  605.00   18.58367
  606.00   18.67667
  607.00   18.55482
  608.00   18.53844
  609.00   18.61151
  610.00   18.61413
  611.00   18.62217
  612.00   18.64907
  613.00   18.60089
  614.00   18.66531
  615.00   18.58848
  616.00   18.57269
  617.00   18.56970
  618.00   18.57489
  619.00   18.61126
  620.00   18.55539
  621.00   18.57207
  622.00   18.56047
  623.00   18.50899
  624.00   18.52830
  625.00   18.61830
  626.00   18.56658
  627.00   18.56296
  628.00   18.66674
  629.00   18.55395
  630.00   18.61877
  631.00   18.53181
  632.00   18.56820
  633.00   18.63836
  634.00   18.64393
  635.00   18.65111
  636.00   18.70101
  637.00   18.62950
  638.00   18.64305
  639.00   18.65731
  640.00   18.72978
  641.00   18.65554
  642.00   18.73241
  643.00   18.60320
  644.00   18.74140
  645.00   18.78786
  646.00   18.67443
  647.00   18.71459
  648.00   18.73187
  649.00   18.83313
  650.00   18.74793
  651.00   18.73738
  652.00   18.72590
  653.00   18.73580
  654.00   18.72043
  655.00   18.72240
  656.00   18.73120
  657.00   18.79766
  658.00   18.70382
  659.00   18.69855
  660.00   18.78423
  661.00   18.68078
  662.00   18.80058
  663.00   18.75304
  664.00   18.75555
  665.00   18.79635
  666.00   18.80151
  667.00   18.72943
  668.00   18.79043
  669.00   18.87491
  670.00   18.79401
  671.00   18.80106
  672.00   18.80890
  673.00   18.74953
  674.00   18.81746
  675.00   18.78226
  676.00   18.78543
  677.00   18.76917
  678.00   18.83981
  679.00   18.76149
  680.00   18.79326
  681.00   18.82738
  682.00   18.75372
  683.00   18.81501
  684.00   18.78428
  685.00   18.83507
  686.00   18.80295
  687.00   18.74704
  688.00   18.78612
  689.00   18.81305
  690.00   18.87744
  691.00   18.74170
  692.00   18.87935
  693.00   18.88498
  694.00   18.87531
  695.00   18.84995
  696.00   18.86644
  697.00   18.81513
  698.00   18.84349
  699.00   18.85289
  700.00   18.84650
  701.00   18.85366
  702.00   18.81207
  703.00   18.79775
  704.00   18.76000
  705.00   18.87775
  706.00   18.79815
  707.00   18.73665
  708.00   18.84391
  709.00   18.73248
  710.00   18.82820
  711.00   18.78736
  712.00   18.81214
  713.00   18.82312
  714.00   18.84503
  715.00   18.81017
  716.00   18.78965
  717.00   18.81920
  718.00   18.83492
  719.00   18.80257
  720.00   18.73985
  721.00   18.79180
  722.00   18.71478
  723.00   18.72383
  724.00   18.74516
  725.00   18.72004
  726.00   18.70049
  727.00   18.70478
  728.00   18.63610
  729.00   18.63247
  730.00   18.71489
  731.00   18.62038
  732.00   18.60843
  733.00   18.58515
  734.00   18.60063
  735.00   18.58270
  736.00   18.55259
  737.00   18.58157
  738.00   18.70301
  739.00   18.55313
  740.00   18.59389
  741.00   18.60573
  742.00   18.52477
  743.00   18.62997
  744.00   18.70182
  745.00   18.57535
  746.00   18.65395
  747.00   18.70384
  748.00   18.56967
  749.00   18.53445
  750.00   18.60609
  751.00   18.74486
  752.00   18.61354
  753.00   18.64590
  754.00   18.55338
  755.00   18.65358
  756.00   18.66761
  757.00   18.61404
  758.00   18.70243
  759.00   18.77962
  760.00   18.61571
  761.00   18.53563
  762.00   18.56673
  763.00   18.65662
  764.00   18.59516
  765.00   18.55920
  766.00   18.50311
  767.00   18.62611
  768.00   18.70875
  769.00   18.51239
  770.00   18.53328
  771.00   18.54175
  772.00   18.66290
  773.00   18.56847
  774.00   18.57170
  775.00   18.47617
  776.00   18.58298
  777.00   18.60787
  778.00   18.49382
  779.00   18.65922
  780.00   18.71712
  781.00   18.53836
  782.00   18.45761
  783.00   18.54698
  784.00   18.58202
  785.00   18.51089
  786.00   18.51174
  787.00   18.58799
  788.00   18.53824
  789.00   18.52646
  790.00   18.43001
  791.00   18.37992
  792.00   18.43973
  793.00   18.46903
  794.00   18.31526
  795.00   18.38377
  796.00   18.40328
  797.00   18.33974
  798.00   18.42087
  799.00   18.24559
  800.00   18.18428
  801.00   18.29934
  802.00   18.28731
  803.00   18.21285
  804.00   18.23582
  805.00   18.33889
  806.00   18.22952
  807.00   18.20104
  808.00   18.20317
  809.00   18.23400
  810.00   18.25636
  811.00   18.15699
  812.00   18.14862
  813.00   18.28206
  814.00   18.11221
  815.00   18.21355
  816.00   18.32961
  817.00   18.30397
  818.00   18.26213
  819.00   18.24927
  820.00   18.34666
  821.00   18.25932
  822.00   18.28170
  823.00   18.18490
  824.00   18.11427
  825.00   18.13649
  826.00   18.21444
  827.00   18.14456
  828.00   18.08730
  829.00   18.12179
  830.00   18.10208
  831.00   18.09369
  832.00   18.16506
  833.00   18.08655
  834.00   18.05480
  835.00   18.06037
  836.00   18.00913
  837.00   18.03718
  838.00   18.06108
  839.00   18.01392
  840.00   18.01384
  841.00   18.03520
  842.00   18.00680
  843.00   17.99457
  844.00   18.05014
  845.00   17.98337
  846.00   17.95619
  847.00   17.99844
  848.00   17.89625
  849.00   17.96074
  850.00   17.94487
  851.00   17.92278
  852.00   18.05743
  853.00   17.94390
  854.00   17.84877
  855.00   18.01472
  856.00   17.96532
  857.00   18.01518
  858.00   18.08720
  859.00   17.98127
  860.00   17.92449
  861.00   18.01733
  862.00   17.99274
  863.00   17.89288
  864.00   18.00451
  865.00   17.95344
  866.00   17.91471
  867.00   18.03825
  868.00   17.98095
  869.00   18.00382
  870.00   18.10290
  871.00   18.01946
  872.00   18.06029
  873.00   18.17342
  874.00   18.09098
  875.00   18.17355
  876.00   18.11259
  877.00   18.19820
  878.00   18.15137
  879.00   18.16173
  880.00   18.22299
  881.00   18.15601
  882.00   18.10588
  883.00   18.16933
  884.00   18.11710
  885.00   18.22193
  886.00   18.18754
  887.00   18.19786
  888.00   18.25912
  889.00   18.24696
  890.00   18.22441
  891.00   18.21511
  892.00   18.23967
  893.00   18.18478
  894.00   18.17827
  895.00   18.21158
  896.00   18.14861
  897.00   18.12703
  898.00   18.16715
  899.00   18.11855
  900.00   18.06163
  901.00   18.16709
  902.00   18.11405
  903.00   18.09341
  904.00   18.10274
  905.00   18.04368
  906.00   18.07515
  907.00   18.07188
  908.00   18.03453
  909.00   18.04556
  910.00   18.03976
  911.00   17.99727
  912.00   18.07430
  913.00   18.01986
  914.00   17.98648
  915.00   18.04012
  916.00   18.02781
  917.00   17.93600
  918.00   17.99355
  919.00   18.00742
  920.00   17.91897
  921.00   18.01218
  922.00   17.96927
  923.00   18.02493
  924.00   17.98836
  925.00   18.04651
  926.00   18.03747
  927.00   17.95545
  928.00   17.97465
  929.00   17.98888
  930.00   17.93624
  931.00   17.94528
  932.00   18.00487
  933.00   17.86901
  934.00   17.89717
  935.00   18.02084
  936.00   17.99312
  937.00   18.01249
  938.00   17.93039
  939.00   18.03191
  940.00   17.97892
  941.00   17.92140
  942.00   18.05865
  943.00   17.95671
  944.00   18.04992
  945.00   18.07979
  946.00   17.99360
  947.00   18.06504
  948.00   18.14518
  949.00   18.00835
  950.00   18.06707
  951.00   18.11777
  952.00   18.14967
  953.00   18.12462
  954.00   18.08973
  955.00   18.18961
  956.00   18.17271
  957.00   18.09387
  958.00   18.01514
  959.00   18.05433
  960.00   18.16499
  961.00   18.21287
  962.00   18.07716
  963.00   18.13516
  964.00   18.16298
  965.00   18.11513
  966.00   18.22132
  967.00   18.14809
  968.00   18.16895
  969.00   18.17800
  970.00   18.17598
  971.00   18.14952
  972.00   18.16326
  973.00   18.11167
  974.00   18.14088
  975.00   18.24946
  976.00   18.08659
  977.00   18.20139
  978.00   18.18835
  979.00   18.21288
  980.00   18.15029
  981.00   18.20078
  982.00   18.21780
  983.00   18.15304
  984.00   18.14794
  985.00   18.14307
  986.00   18.06753
  987.00   18.06206
  988.00   18.22225
  989.00   18.20343
  990.00   18.27224
  991.00   18.22133
  992.00   18.21748
  993.00   18.31579
  994.00   18.25734
  995.00   18.29884
  996.00   18.25896
  997.00   18.27812
  998.00   18.26015
  999.00   18.33621
 1000.00   18.28540
 1001.00   18.27387
 1002.00   18.23342
 1003.00   18.27524
 1004.00   18.20300
 1005.00   18.20283
 1006.00   18.33810
 1007.00   18.17387
 1008.00   18.21937
 1009.00   18.24020
 1010.00   18.15551
 1011.00   18.18926
 1012.00   18.27231
 1013.00   18.24968
 1014.00   18.16848
 1015.00   18.31257
 1016.00   18.26916
 1017.00   18.34796
 1018.00   18.30187
 1019.00   18.29588
 1020.00   18.21238
 1021.00   18.32772
 1022.00   18.22081
 1023.00   18.19471
 1024.00   18.21386
 1025.00   18.19603
 1026.00   18.14669
 1027.00   18.28581
 1028.00   18.11668
 1029.00   18.14798
 1030.00   18.25586
 1031.00   18.24146
 1032.00   18.17499
 1033.00   18.24422
 1034.00   18.21942
 1035.00   18.15624
 1036.00   18.27091
 1037.00   18.08083
 1038.00   18.20992
 1039.00   18.19896
 1040.00   18.16598
 1041.00   18.19022
 1042.00   18.23887
 1043.00   18.20482
 1044.00   18.26363
 1045.00   18.17406
 1046.00   18.27412
 1047.00   18.33413
 1048.00   18.26478
 1049.00   18.21786
 1050.00   18.20364
 1051.00   18.29769
 1052.00   18.30815
 1053.00   18.21664
 1054.00   18.30246
 1055.00   18.30418
 1056.00   18.22250
 1057.00   18.31061
 1058.00   18.17207
 1059.00   18.26469
 1060.00   18.25167
 1061.00   18.21981
 1062.00   18.21785
 1063.00   18.34039
 1064.00   18.32920
 1065.00   18.27872
 1066.00   18.36339
 1067.00   18.32540
 1068.00   18.40149
 1069.00   18.32459
 1070.00   18.45609
 1071.00   18.35181
 1072.00   18.36058
 1073.00   18.42537
 1074.00   18.43309
 1075.00   18.43275
 1076.00   18.43963
 1077.00   18.47820
 1078.00   18.34783
 1079.00   18.30301
 1080.00   18.30787
 1081.00   18.40887
 1082.00   18.40379
 1083.00   18.46469
 1084.00   18.34594
 1085.00   18.50022
 1086.00   18.49864
 1087.00   18.43560
 1088.00   18.45677
 1089.00   18.56191
 1090.00   18.47150
 1091.00   18.42677
 1092.00   18.46433
 1093.00   18.50474
 1094.00   18.46591
 1095.00   18.42337
 1096.00   18.49312
 1097.00   18.42582
 1098.00   18.37514
 1099.00   18.35800
 1100.00   18.35281
 1101.00   18.47054
 1102.00   18.44099
 1103.00   18.42537
 1104.00   18.38509
 1105.00   18.45856
 1106.00   18.37632
 1107.00   18.33510
 1108.00   18.35884
 1109.00   18.31378
 1110.00   18.39728
 1111.00   18.35153
 1112.00   18.34573
 1113.00   18.42703
 1114.00   18.32891
 1115.00   18.31327
 1116.00   18.39372
 1117.00   18.28432
 1118.00   18.35252
 1119.00   18.31400
 1120.00   18.40683
 1121.00   18.30890
 1122.00   18.33122
 1123.00   18.33566
 1124.00   18.29111
 1125.00   18.31024
 1126.00   18.29108
 1127.00   18.29204
 1128.00   18.27124
 1129.00   18.29317
 1130.00   18.23087
 1131.00   18.25176
 1132.00   18.26429
 1133.00   18.21551
 1134.00   18.15550
 1135.00   18.28216
 1136.00   18.19713
 1137.00   18.16959
 1138.00   18.17034
 1139.00   18.16314
 1140.00   18.26441
 1141.00   18.19825
 1142.00   18.16925
 1143.00   18.19937
 1144.00   18.18801
 1145.00   18.19812
 1146.00   18.13852
 1147.00   18.14403
 1148.00   18.10004
 1149.00   18.16873
 1150.00   18.14855
 1151.00   18.18141
 1152.00   18.13358
 1153.00   18.14644
 1154.00   18.18860
 1155.00   18.19377
 1156.00   18.19181
 1157.00   18.18751
 1158.00   18.09581
 1159.00   18.24848
 1160.00   18.26216
 1161.00   18.25811
 1162.00   18.30020
 1163.00   18.25478
 1164.00   18.18972
 1165.00   18.30604
 1166.00   18.33036
 1167.00   18.28824
 1168.00   18.31984
 1169.00   18.27220
 1170.00   18.22993
 1171.00   18.34563
 1172.00   18.32595
 1173.00   18.30463
 1174.00   18.33947
 1175.00   18.25802
 1176.00   18.37945
 1177.00   18.31921
 1178.00   18.29900
 1179.00   18.36438
 1180.00   18.35583
 1181.00   18.21841
 1182.00   18.28420
 1183.00   18.29830
 1184.00   18.22419
 1185.00   18.16577
 1186.00   18.20862
 1187.00   18.17399
 1188.00   18.19634
 1189.00   18.18271
 1190.00   18.24256
 1191.00   18.21898
 1192.00   18.21806
 1193.00   18.22453
 1194.00   18.17400
 1195.00   18.22344
 1196.00   18.25637
 1197.00   18.15056
 1198.00   18.20876
 1199.00   18.24284
 1200.00   18.19531
 1201.00   18.27734
 1202.00   18.21117
 1203.00   18.26157
 1204.00   18.26033
 1205.00   18.13550
 1206.00   18.30236
 1207.00   18.18010
 1208.00   18.24495
 1209.00   18.27947
 1210.00   18.28500
 1211.00   18.16132
 1212.00   18.27656
 1213.00   18.24260
 1214.00   18.18197
 1215.00   18.30454
 1216.00   18.29127
 1217.00   18.23339
 1218.00   18.29475
 1219.00   18.26673
 1220.00   18.19748
 1221.00   18.33778
 1222.00   18.28176
 1223.00   18.33606
 1224.00   18.34421
 1225.00   18.31952
 1226.00   18.35283
 1227.00   18.35035
 1228.00   18.35253
 1229.00   18.40744
 1230.00   18.40419
 1231.00   18.30437
 1232.00   18.46745
 1233.00   18.46061
 1234.00   18.35968
 1235.00   18.33983
 1236.00   18.42660
 1237.00   18.48494
 1238.00   18.56647
 1239.00   18.54698
 1240.00   18.42028
 1241.00   18.45101
 1242.00   18.55010
 1243.00   18.58201
 1244.00   18.66100
 1245.00   18.59606
 1246.00   18.50621
 1247.00   18.65794
 1248.00   18.64365
 1249.00   18.52888
 1250.00   18.71133
 1251.00   18.68085
 1252.00   18.59262
 1253.00   18.72392
 1254.00   18.72474
 1255.00   18.63960
 1256.00   18.71190
 1257.00   18.75707
 1258.00   18.64681
 1259.00   18.64086
 1260.00   18.79944
 1261.00   18.77150
 1262.00   18.78994
 1263.00   18.86905
 1264.00   18.73793
 1265.00   18.76450
 1266.00   18.81627
 1267.00   18.91534
 1268.00   18.82403
 1269.00   18.86386
 1270.00   18.74418
 1271.00   18.87877
 1272.00   18.90608
 1273.00   18.82432
 1274.00   18.79309
 1275.00   18.89484
 1276.00   18.91280
 1277.00   18.95468
 1278.00   18.90719
 1279.00   18.85632
 1280.00   18.96547
 1281.00   18.99820
 1282.00   18.93431
 1283.00   18.89169
 1284.00   19.00550
 1285.00   18.85613
 1286.00   18.88906
 1287.00   19.02040
 1288.00   18.99152
 1289.00   18.95452
 1290.00   19.08707
 1291.00   18.96279
 1292.00   19.01136
 1293.00   19.12379
 1294.00   19.06154
 1295.00   19.05796
 1296.00   19.07529
 1297.00   19.13557
 1298.00   19.03007
 1299.00   19.07106
 1300.00   19.08160
 1301.00   19.08522
 1302.00   19.12011
 1303.00   19.10756
 1304.00   19.00893
 1305.00   19.11239
 1306.00   19.12042
 1307.00   18.98388
 1308.00   19.01716
 1309.00   18.95693
 1310.00   18.91265
 1311.00   18.95725
 1312.00   19.02143
 1313.00   18.86221
 1314.00   18.90907
 1315.00   18.95855
 1316.00   18.91171
 1317.00   19.01812
 1318.00   18.83969
 1319.00   18.99020
 1320.00   18.98378
 1321.00   18.98155
 1322.00   18.95821
 1323.00   19.04567
 1324.00   18.91388
 1325.00   19.05436
 1326.00   18.99735
 1327.00   19.00268
 1328.00   18.99355
 1329.00   18.98931
 1330.00   19.03157
 1331.00   18.97793
 1332.00   19.01506
 1333.00   18.98083
 1334.00   18.97353
 1335.00   18.99221
 1336.00   18.91189
 1337.00   18.99262
 1338.00   18.92866
 1339.00   18.93400
 1340.00   18.93661
 1341.00   19.01067
 1342.00   18.88207
 1343.00   18.94857
 1344.00   18.98884
 1345.00   19.07365
 1346.00   19.00791
 1347.00   19.07805
 1348.00   18.96506
 1349.00   19.00131
 1350.00   19.03203
 1351.00   19.07113
 1352.00   19.05116
 1353.00   19.11198
 1354.00   19.04837
 1355.00   19.00414
 1356.00   19.08818
 1357.00   19.07464
 1358.00   19.02682
 1359.00   19.03051
 1360.00   19.05132
 1361.00   19.00339
 1362.00   19.05641
 1363.00   18.98694
 1364.00   18.89334
 1365.00   19.04261
 1366.00   19.06346
 1367.00   18.96899
 1368.00   18.96299
 1369.00   19.09439
 1370.00   18.84030
 1371.00   18.97585
 1372.00   19.04789
 1373.00   18.99423
 1374.00   19.08809
 1375.00   19.07204
 1376.00   19.00119
 1377.00   19.00050
 1378.00   18.95773
 1379.00   19.01516
 1380.00   19.02618
 1381.00   18.88753
 1382.00   18.99001
 1383.00   18.93722
 1384.00   19.01307
 1385.00   18.89011
 1386.00   18.88107
 1387.00   18.91310
 1388.00   18.86793
 1389.00   18.83994
 1390.00   18.86355
 1391.00   18.82616
 1392.00   18.81920
 1393.00   18.88638
 1394.00   18.77984
 1395.00   18.88021
 1396.00   18.80943
 1397.00   18.84174
 1398.00   18.92429
 1399.00   18.89332
 1400.00   18.90916
 1401.00   18.90871
 1402.00   18.90079
 1403.00   18.94004
 1404.00   18.85891
 1405.00   18.86557
 1406.00   18.80277
 1407.00   18.83814
 1408.00   18.84092
 1409.00   18.83009
 1410.00   18.80097
 1411.00   18.85594
 1412.00   18.84897
 1413.00   18.81517
 1414.00   18.87039
 1415.00   18.77366
 1416.00   18.83406
 1417.00   18.78564
 1418.00   18.72461
 1419.00   18.76742
 1420.00   18.77539
 1421.00   18.71862
 1422.00   18.79466
 1423.00   18.71227
 1424.00   18.77594
 1425.00   18.88656
 1426.00   18.76339
 1427.00   18.73651
 1428.00   18.74524
 1429.00   18.71723
 1430.00   18.73955
 1431.00   18.82245
 1432.00   18.70734
 1433.00   18.75912
 1434.00   18.86108
 1435.00   18.81870
 1436.00   18.70918
 1437.00   18.69140
 1438.00   18.76508
 1439.00   18.75407
 1440.00   18.75069
 1441.00   18.75996
 1442.00   18.75223
 1443.00   18.74633
 1444.00   18.73993
 1445.00   18.74359
 1446.00   18.82326
 1447.00   18.65336
 1448.00   18.76099
 1449.00   18.73884
 1450.00   18.84770
 1451.00   18.77022
 1452.00   18.77043
 1453.00   18.90731
 1454.00   18.81068
 1455.00   18.81747
 1456.00   18.67799
 1457.00   18.64780
 1458.00   18.67933
 1459.00   18.67951
 1460.00   18.62230
 1461.00   18.64591
 1462.00   18.72189
 1463.00   18.71534
 1464.00   18.70518
 1465.00   18.71028
 1466.00   18.69537
 1467.00   18.68626
 1468.00   18.71589
 1469.00   18.59160
 1470.00   18.63067
 1471.00   18.68630
 1472.00   18.55515
 1473.00   18.58796
 1474.00   18.67220
 1475.00   18.61966
 1476.00   18.73307
 1477.00   18.70922
 1478.00   18.65579
 1479.00   18.67590
 1480.00   18.76058
 1481.00   18.72389
 1482.00   18.83952
 1483.00   18.75799
 1484.00   18.72122
 1485.00   18.69143
 1486.00   18.81391
 1487.00   18.76493
 1488.00   18.78684
 1489.00   18.77875
 1490.00   18.68171
 1491.00   18.72066
 1492.00   18.79990
 1493.00   18.73136
 1494.00   18.69852
 1495.00   18.73795
 1496.00   18.70372
 1497.00   18.67606
