    1.00    0.00000
    2.00    0.19508
    3.00    0.18583
    4.00    0.19607
    5.00    0.38452
    6.00    0.35259
    7.00    0.07455
    8.00    0.57695
    9.00    0.54421
   10.00    0.20680
   11.00    0.77082
   12.00    0.73834
   13.00    0.39455
   14.00    0.95430
   15.00    0.93380
   16.00    0.58496
   17.00    1.14275
   18.00    1.11545
   19.00    0.76796
   20.00    1.32350
   21.00    1.30662
   22.00    0.95935
   23.00    1.50708
   24.00    1.48573
   25.00    1.14097
   26.00    1.68685
   27.00    1.67256
   28.00    1.32443
   29.00    1.86651
   30.00    1.85206
   31.00    1.50396
   32.00    1.73331
   33.00    1.72681
   34.00    2.02019
   35.00    1.86933
   36.00    1.85613
   37.00    2.17951
   38.00    2.01183
   39.00    2.00035
   40.00    2.33828
   41.00    2.50186
   42.00    2.49762
   43.00    2.16559
   44.00    2.66160
   45.00    2.65943
   46.00    2.33895
   47.00    2.81880
   48.00    2.77710
   49.00    2.49598
   50.00    2.66207
   51.00    2.65340
   52.00    2.99513
   53.00    2.82695
   54.00    2.81610
   55.00    3.16706
   56.00    2.98714
   57.00    2.97830
   58.00    3.33645
   59.00    3.49363
   60.00    3.49028
   61.00    3.16244
   62.00    3.64642
   63.00    3.61217
   64.00    3.32549
   65.00    3.79937
   66.00    3.76604
   67.00    3.47851
   68.00    3.96235
   69.00    3.95597
   70.00    3.62699
   71.00    4.13020
   72.00    4.12071
   73.00    3.78993
   74.00    4.29954
   75.00    4.29100
   76.00    3.95624
   77.00    4.46882
   78.00    4.46233
   79.00    4.12264
   80.00    4.64021
   81.00    4.63358
   82.00    4.29464
   83.00    4.48008
   84.00    4.47204
   85.00    4.81667
   86.00    4.64860
   87.00    4.66271
   88.00    4.99049
   89.00    5.15306
   90.00    5.14987
   91.00    4.82120
   92.00    4.98075
   93.00    4.97217
   94.00    5.32864
   95.00    5.48913
   96.00    5.46183
   97.00    5.15960
   98.00    5.64893
   99.00    5.61974
  100.00    5.31794
  101.00    5.81082
  102.00    5.78043
  103.00    5.47860
  104.00    5.97614
  105.00    5.96756
  106.00    5.63988
  107.00    6.14277
  108.00    6.13445
  109.00    5.80557
  110.00    6.30969
  111.00    6.28399
  112.00    5.97411
  113.00    6.47853
  114.00    6.47031
  115.00    6.14012
  116.00    6.64831
  117.00    6.64015
  118.00    6.30865
  119.00    6.81589
  120.00    6.79481
  121.00    6.48039
  122.00    6.98694
  123.00    6.97936
  124.00    6.64728
  125.00    7.15711
  126.00    7.15200
  127.00    6.81833
  128.00    7.32782
  129.00    7.32046
  130.00    6.98808
  131.00    7.49779
  132.00    7.47753
  133.00    7.15898
  134.00    7.33787
  135.00    7.34179
  136.00    7.67194
  137.00    7.50774
  138.00    7.49878
  139.00    7.85120
  140.00    7.68091
  141.00    7.67241
  142.00    8.03588
  143.00    8.19188
  144.00    8.17799
  145.00    7.87352
  146.00    8.01795
  147.00    8.02335
  148.00    8.36930
  149.00    8.18932
  150.00    8.19604
  151.00    8.55015
  152.00    8.36341
  153.00    8.37096
  154.00    8.72275
  155.00    8.53590
  156.00    8.53379
  157.00    8.89151
  158.00    9.05150
  159.00    9.04178
  160.00    8.71706
  161.00    9.20527
  162.00    9.20267
  163.00    8.88230
  164.00    9.34908
  165.00    9.34692
  166.00    9.03711
  167.00    9.49717
  168.00    9.49372
  169.00    9.18635
  170.00    9.64099
  171.00    9.63908
  172.00    9.33238
  173.00    9.78995
  174.00    9.78775
  175.00    9.47950
  176.00    9.94240
  177.00    9.93968
  178.00    9.62474
  179.00   10.09487
  180.00   10.09339
  181.00    9.77657
  182.00   10.25229
  183.00   10.25041
  184.00    9.93217
  185.00   10.07969
  186.00   10.08490
  187.00   10.43121
  188.00   10.25896
  189.00   10.26359
  190.00   10.61286
  191.00   10.77095
  192.00   10.76715
  193.00   10.45405
  194.00   10.92083
  195.00   10.91658
  196.00   10.60358
  197.00   10.74087
  198.00   10.74384
  199.00   11.10038
  200.00   11.25353
  201.00   11.23890
  202.00   10.94220
  203.00   11.07049
  204.00   11.06940
  205.00   11.43570
  206.00   11.25529
  207.00   11.25216
  208.00   11.61447
  209.00   11.43097
  210.00   11.43884
  211.00   11.79178
  212.00   11.94723
  213.00   11.93936
  214.00   11.62487
  215.00   11.75528
  216.00   11.76604
  217.00   12.11579
  218.00   11.93187
  219.00   11.94085
  220.00   12.28899
  221.00   12.10562
  222.00   12.11568
  223.00   12.45643
  224.00   12.60966
  225.00   12.59622
  226.00   12.28498
  227.00   12.42375
  228.00   12.42605
  229.00   12.78020
  230.00   12.60491
  231.00   12.60598
  232.00   12.94726
  233.00   12.76883
  234.00   12.76326
  235.00   13.11287
  236.00   13.26272
  237.00   13.26465
  238.00   12.94209
  239.00   13.41298
  240.00   13.41327
  241.00   13.09446
  242.00   13.56317
  243.00   13.55533
  244.00   13.24984
  245.00   13.37958
  246.00   13.38834
  247.00   13.72120
  248.00   13.87523
  249.00   13.86879
  250.00   13.55778
  251.00   14.01772
  252.00   14.00909
  253.00   13.70465
  254.00   14.15539
  255.00   14.14722
  256.00   13.84943
  257.00   13.96919
  258.00   13.97996
  259.00   14.32314
  260.00   14.15129
  261.00   14.16570
  262.00   14.49229
  263.00   14.64751
  264.00   14.64136
  265.00   14.33417
  266.00   14.46767
  267.00   14.47905
  268.00   14.80842
  269.00   14.96159
  270.00   14.95523
  271.00   14.64927
  272.00   15.10303
  273.00   15.09617
  274.00   14.79581
  275.00   14.91337
  276.00   14.93118
  277.00   15.26771
  278.00   15.41576
  279.00   15.41611
  280.00   15.10916
  281.00   15.55554
  282.00   15.55647
  283.00   15.25678
  284.00   15.69063
  285.00   15.66629
  286.00   15.40975
  287.00   15.82586
  288.00   15.80473
  289.00   15.54702
  290.00   15.96471
  291.00   15.94377
  292.00   15.68201
  293.00   15.80202
  294.00   15.78705
  295.00   16.13286
  296.00   15.97153
  297.00   15.95697
  298.00   16.30221
  299.00   16.14018
  300.00   16.12473
  301.00   16.47166
  302.00   16.30524
  303.00   16.29124
  304.00   16.63551
  305.00   16.77172
  306.00   16.75303
  307.00   16.49316
  308.00   16.61131
  309.00   16.61813
  310.00   16.92908
  311.00   17.06915
  312.00   17.06992
  313.00   16.78348
  314.00   17.20353
  315.00   17.18036
  316.00   16.92918
  317.00   17.33364
  318.00   17.33660
  319.00   17.06709
  320.00   17.46743
  321.00   17.47029
  322.00   17.19843
  323.00   17.31448
  324.00   17.32598
  325.00   17.62485
  326.00   17.47232
  327.00   17.48433
  328.00   17.78063
  329.00   17.91310
  330.00   17.91722
  331.00   17.64392
  332.00   17.76411
  333.00   17.77724
  334.00   18.06574
  335.00   18.19360
  336.00   18.20049
  337.00   17.93213
  338.00   18.05067
  339.00   18.06587
  340.00   18.34748
  341.00   18.29428
  342.00   18.32693
  343.00   18.41239
  344.00   18.27133
  345.00   18.31237
  346.00   18.37723
  347.00   18.25586
  348.00   18.30762
  349.00   18.36477
  350.00   18.33644
  351.00   18.35844
  352.00   18.25491
  353.00   18.42039
  354.00   18.37922
  355.00   18.31617
  356.00   18.40925
  357.00   18.48390
  358.00   18.40993
  359.00   18.47438
  360.00   18.54918
  361.00   18.47674
  362.00   18.54544
  363.00   18.60470
  364.00   18.55651
  365.00   18.51208
  366.00   18.56749
  367.00   18.70353
  368.00   18.69645
  369.00   18.68422
  370.00   18.70628
  371.00   18.69859
  372.00   18.68823
  373.00   18.70227
  374.00   18.66862
  375.00   18.70760
  376.00   18.69575
  377.00   18.71613
  378.00   18.70590
  379.00   18.71355
  380.00   18.73315
  381.00   18.70844
  382.00   18.71460
  383.00   18.68608
  384.00   18.72744
  385.00   18.73074
  386.00   18.72380
  387.00   18.72882
  388.00   18.72271
  389.00   18.73350
  390.00   18.73538
  391.00   18.73299
  392.00   18.76117
  393.00   18.73492
  394.00   18.74028
  395.00   18.73685
  396.00   18.71834
  397.00   18.75287
  398.00   18.70903
  399.00   18.72743
  400.00   18.72144
  401.00   18.73112
  402.00   18.73124
  403.00   18.73225
  404.00   18.70021
  405.00   18.73162
  406.00   18.76740
  407.00   18.72768
  408.00   18.69183
  409.00   18.72836
  410.00   18.68074
  411.00   18.68725
  412.00   18.68990
  413.00   18.69011
  414.00   18.66162
  415.00   18.70646
  416.00   18.68682
  417.00   18.70579
  418.00   18.70439
  419.00   18.67175
  420.00   18.70142
  421.00   18.71407
  422.00   18.68101
  423.00   18.67346
  424.00   18.70017
  425.00   18.65922
  426.00   18.70875
  427.00   18.70718
  428.00   18.69200
  429.00   18.74678
  430.00   18.73359
  431.00   18.67392
  432.00   18.72001
  433.00   18.70702
  434.00   18.70726
  435.00   18.76626
  436.00   18.75119
  437.00   18.76124
  438.00   18.74906
  439.00   18.74674
  440.00   18.76092
  441.00   18.77385
  442.00   18.77382
  443.00   18.76626
  444.00   18.74411
  445.00   18.79482
  446.00   18.74909
  447.00   18.77347
  448.00   18.75091
  449.00   18.70075
  450.00   18.76740
  451.00   18.78806
  452.00   18.74805
  453.00   18.77105
  454.00   18.79489
  455.00   18.77224
  456.00   18.75046
  457.00   18.77852
  458.00   18.81432
  459.00   18.75543
  460.00   18.72438
  461.00   18.73769
  462.00   18.74628
  463.00   18.80403
  464.00   18.71227
  465.00   18.66893
  466.00   18.79907
  467.00   18.60981
  468.00   18.58304
  469.00   18.75246
  470.00   18.67487
  471.00   18.67929
  472.00   18.60519
  473.00   18.62714
  474.00   18.68054
  475.00   18.75969
  476.00   18.68575
  477.00   18.69867
  478.00   18.62470
  479.00   18.64055
  480.00   18.70524
  481.00   18.76749
  482.00   18.67962
  483.00   18.68955
  484.00   18.66224
  485.00   18.60731
  486.00   18.58107
  487.00   18.71625
  488.00   18.56802
  489.00   18.56728
  490.00   18.65312
  491.00   18.61721
  492.00   18.56634
  493.00   18.55924
  494.00   18.53753
  495.00   18.48049
  496.00   18.64118
  497.00   18.51213
  498.00   18.53283
  499.00   18.47560
  500.00   18.56735
  501.00   18.59099
  502.00   18.50928
  503.00   18.54703
  504.00   18.61561
  505.00   18.64005
  506.00   18.58102
  507.00   18.61415
  508.00   18.52831
  509.00   18.52050
  510.00   18.53332
  511.00   18.66193
  512.00   18.48841
  513.00   18.47443
  514.00   18.55268
  515.00   18.44274
  516.00   18.50095
  517.00   18.53338
  518.00   18.45615
  519.00   18.49992
  520.00   18.57718
  521.00   18.42590
  522.00   18.46977
  523.00   18.54152
  524.00   18.41833
  525.00   18.41399
  526.00   18.54831
  527.00   18.52255
  528.00   18.55549
  529.00   18.63232
  530.00   18.61957
  531.00   18.62953
  532.00   18.69463
  533.00   18.58583
  534.00   18.54614
  535.00   18.67416
  536.00   18.50046
  537.00   18.47863
  538.00   18.60165
  539.00   18.46876
  540.00   18.45088
  541.00   18.49809
  542.00   18.41241
  543.00   18.48413
  544.00   18.49997
  545.00   18.45601
  546.00   18.50957
  547.00   18.53528
  548.00   18.46435
  549.00   18.44198
  550.00   18.58006
  551.00   18.57255
  552.00   18.58513
  553.00   18.61767
  554.00   18.55544
  555.00   18.57306
  556.00   18.60906
  557.00   18.51694
  558.00   18.55360
  559.00   18.65373
  560.00   18.66664
  561.00   18.66489
  562.00   18.65235
  563.00   18.61653
  564.00   18.63783
  565.00   18.75402
  566.00   18.77495
  567.00   18.83287
  568.00   18.72833
  569.00   18.66828
  570.00   18.64261
  571.00   18.81942
  572.00   18.59654
  573.00   18.57703
  574.00   18.68845
  575.00   18.51907
  576.00   18.56955
  577.00   18.64657
  578.00   18.66366
  579.00   18.66869
  580.00   18.64001
  581.00   18.61024
  582.00   18.61204
  583.00   18.74319
  584.00   18.56202
  585.00   18.54882
  586.00   18.70052
  587.00   18.51958
  588.00   18.52077
  589.00   18.62706
  590.00   18.62362
  591.00   18.65189
  592.00   18.60311
  593.00   18.57503
  594.00   18.59711
  595.00   18.74838
  596.00   18.53068
  597.00   18.58625
  598.00   18.67369
  599.00   18.51696
  600.00   18.59596
  601.00   18.66733
  602.00   18.59354
  603.00   18.58564
  604.00   18.64064
  605.00   18.57011
  606.00   18.53607
  607.00   18.65771
  608.00   18.50218
  609.00   18.51906
  610.00   18.59463
  611.00   18.48487
  612.00   18.50935
  613.00   18.52644
  614.00   18.47163
  615.00   18.42257
  616.00   18.48861
  617.00   18.38962
  618.00   18.37940
  619.00   18.49364
  620.00   18.38754
  621.00   18.30470
  622.00   18.39293
  623.00   18.38034
  624.00   18.38215
  625.00   18.40105
  626.00   18.37913
  627.00   18.37731
  628.00   18.36915
  629.00   18.39977
  630.00   18.37820
  631.00   18.36594
  632.00   18.40040
  633.00   18.38901
  634.00   18.36812
  635.00   18.37654
  636.00   18.31325
  637.00   18.45368
  638.00   18.33910
  639.00   18.33375
  640.00   18.36266
  641.00   18.35402
  642.00   18.34949
  643.00   18.32662
  644.00   18.40803
  645.00   18.34599
  646.00   18.30255
  647.00   18.35325
  648.00   18.36639
  649.00   18.33884
  650.00   18.38938
  651.00   18.38311
  652.00   18.36131
  653.00   18.33185
  654.00   18.35861
  655.00   18.43430
  656.00   18.39311
  657.00   18.37009
  658.00   18.38051
  659.00   18.32429
  660.00   18.34444
  661.00   18.41894
  662.00   18.33813
  663.00   18.33873
  664.00   18.34838
  665.00   18.32190
  666.00   18.34177
  667.00   18.33702
  668.00   18.31429
  669.00   18.30682
  670.00   18.39643
  671.00   18.31514
  672.00   18.39711
  673.00   18.45543
  674.00   18.39494
  675.00   18.46304
  676.00   18.48393
  677.00   18.34375
  678.00   18.39959
  679.00   18.40181
  680.00   18.42427
  681.00   18.40277
  682.00   18.29381
  683.00   18.41535
  684.00   18.36724
  685.00   18.47068
  686.00   18.38761
  687.00   18.45161
  688.00   18.30515
  689.00   18.43510
  690.00   18.48065
  691.00   18.38907
  692.00   18.44920
  693.00   18.52416
  694.00   18.44950
  695.00   18.58374
  696.00   18.56977
  697.00   18.48499
  698.00   18.49212
  699.00   18.64676
  700.00   18.59803
  701.00   18.55818
  702.00   18.70731
  703.00   18.66532
  704.00   18.61223
  705.00   18.66057
  706.00   18.77717
  707.00   18.56258
  708.00   18.70879
  709.00   18.67568
  710.00   18.60291
  711.00   18.71724
  712.00   18.72506
  713.00   18.60109
  714.00   18.71320
  715.00   18.72849
  716.00   18.72317
  717.00   18.72259
  718.00   18.70313
  719.00   18.68194
  720.00   18.65770
  721.00   18.68103
  722.00   18.61996
  723.00   18.68624
  724.00   18.64129
  725.00   18.67303
  726.00   18.62394
  727.00   18.67364
  728.00   18.60645
  729.00   18.65511
  730.00   18.60497
  731.00   18.71349
  732.00   18.65653
  733.00   18.65679
  734.00   18.70994
  735.00   18.72238
  736.00   18.60039
  737.00   18.69130
  738.00   18.65708
  739.00   18.73353
  740.00   18.65958
  741.00   18.60693
  742.00   18.66110
  743.00   18.68580
  744.00   18.60974
  745.00   18.56427
  746.00   18.65276
  747.00   18.58408
  748.00   18.59471
  749.00   18.55160
  750.00   18.58785
  751.00   18.54817
  752.00   18.54510
  753.00   18.61429
  754.00   18.52834
  755.00   18.62231
  756.00   18.63329
  757.00   18.61479
  758.00   18.57252
  759.00   18.70693
  760.00   18.62183
  761.00   18.53084
  762.00   18.61305
  763.00   18.61803
  764.00   18.57613
  765.00   18.64752
  766.00   18.55377
  767.00   18.67749
  768.00   18.66983
  769.00   18.67125
  770.00   18.57974
  771.00   18.66276
  772.00   18.69728
  773.00   18.65007
  774.00   18.55577
  775.00   18.55805
  776.00   18.58084
  777.00   18.58334
  778.00   18.47824
  779.00   18.63809
  780.00   18.62002
  781.00   18.51370
  782.00   18.54196
  783.00   18.66044
  784.00   18.62697
  785.00   18.62623
  786.00   18.63646
  787.00   18.46552
  788.00   18.64762
  789.00   18.64615
  790.00   18.65066
  791.00   18.58617
  792.00   18.58485
  793.00   18.69864
  794.00   18.64768
  795.00   18.61526
  796.00   18.54295
  797.00   18.61893
  798.00   18.60120
  799.00   18.66217
  800.00   18.69965
  801.00   18.59035
  802.00   18.58135
  803.00   18.62965
  804.00   18.59124
  805.00   18.55167
  806.00   18.53563
  807.00   18.62832
  808.00   18.57844
  809.00   18.54428
  810.00   18.58931
  811.00   18.68185
  812.00   18.58622
  813.00   18.63664
  814.00   18.44492
  815.00   18.55985
  816.00   18.63603
  817.00   18.69692
  818.00   18.61843
  819.00   18.74092
  820.00   18.62658
  821.00   18.63045
  822.00   18.69344
  823.00   18.79251
  824.00   18.73988
  825.00   18.82025
  826.00   18.83509
  827.00   18.68453
  828.00   18.78582
  829.00   18.75077
  830.00   18.74259
  831.00   18.71858
  832.00   18.84310
  833.00   18.67478
  834.00   18.66233
  835.00   18.76971
  836.00   18.57582
  837.00   18.69375
  838.00   18.72795
  839.00   18.67165
  840.00   18.67343
  841.00   18.77597
  842.00   18.69979
  843.00   18.71892
  844.00   18.63315
  845.00   18.64519
  846.00   18.72298
  847.00   18.74861
  848.00   18.64540
  849.00   18.67916
  850.00   18.77266
  851.00   18.64948
  852.00   18.62748
  853.00   18.72812
  854.00   18.58144
  855.00   18.58920
  856.00   18.66913
  857.00   18.55924
  858.00   18.63746
  859.00   18.61293
  860.00   18.54855
  861.00   18.52054
  862.00   18.57335
  863.00   18.51076
  864.00   18.61270
  865.00   18.49825
  866.00   18.62003
  867.00   18.60265
  868.00   18.58012
  869.00   18.60051
  870.00   18.70336
  871.00   18.59290
  872.00   18.54586
  873.00   18.55538
  874.00   18.63846
  875.00   18.63175
  876.00   18.60606
  877.00   18.65264
  878.00   18.51671
  879.00   18.58125
  880.00   18.61424
  881.00   18.57798
  882.00   18.57051
  883.00   18.56738
  884.00   18.54879
  885.00   18.57778
  886.00   18.58034
  887.00   18.53150
  888.00   18.62126
  889.00   18.63195
  890.00   18.58182
  891.00   18.58283
  892.00   18.65991
  893.00   18.56309
  894.00   18.51648
  895.00   18.58233
  896.00   18.52293
  897.00   18.53366
  898.00   18.48701
  899.00   18.54976
  900.00   18.60918
  901.00   18.50914
  902.00   18.46176
  903.00   18.51085
  904.00   18.59778
  905.00   18.61275
  906.00   18.61381
  907.00   18.59126
  908.00   18.61600
  909.00   18.62863
  910.00   18.59152
  911.00   18.59348
  912.00   18.59204
  913.00   18.65988
  914.00   18.58567
  915.00   18.59441
  916.00   18.56858
  917.00   18.53164
  918.00   18.51050
  919.00   18.59693
  920.00   18.57451
  921.00   18.59148
  922.00   18.52304
  923.00   18.64154
  924.00   18.65675
  925.00   18.57804
  926.00   18.66056
  927.00   18.68081
  928.00   18.68607
  929.00   18.64570
  930.00   18.72089
  931.00   18.68704
  932.00   18.57988
  933.00   18.66324
  934.00   18.68357
  935.00   18.65250
  936.00   18.64381
  937.00   18.64940
  938.00   18.63249
  939.00   18.72508
  940.00   18.63193
  941.00   18.74346
  942.00   18.68621
  943.00   18.67416
  944.00   18.63193
  945.00   18.66729
  946.00   18.67102
  947.00   18.60935
  948.00   18.58641
  949.00   18.64582
  950.00   18.60908
  951.00   18.65328
  952.00   18.54391
  953.00   18.61086
  954.00   18.56351
  955.00   18.61564
  956.00   18.55173
  957.00   18.59947
  958.00   18.56757
  959.00   18.54403
  960.00   18.58066
  961.00   18.58891
  962.00   18.57344
  963.00   18.54357
  964.00   18.57030
  965.00   18.51829
  966.00   18.61081
  967.00   18.56393
  968.00   18.60826
  969.00   18.65619
  970.00   18.59151
  971.00   18.60691
  972.00   18.63588
  973.00   18.66649
  974.00   18.61349
  975.00   18.69418
  976.00   18.64549
  977.00   18.61456
  978.00   18.71392
  979.00   18.59434
  980.00   18.66426
  981.00   18.67461
  982.00   18.73107
  983.00   18.72945
  984.00   18.66920
  985.00   18.70780
  986.00   18.69067
  987.00   18.69561
  988.00   18.75475
  989.00   18.68653
  990.00   18.64112
  991.00   18.71301
  992.00   18.64848
  993.00   18.65326
  994.00   18.71589
  995.00   18.62658
  996.00   18.61990
  997.00   18.62889
  998.00   18.59810
  999.00   18.59245
 1000.00   18.61260
 1001.00   18.59135
 1002.00   18.65707
 1003.00   18.62869
 1004.00   18.62271
 1005.00   18.70652
 1006.00   18.62170
 1007.00   18.70057
 1008.00   18.65647
 1009.00   18.68696
 1010.00   18.65993
 1011.00   18.68789
 1012.00   18.65467
 1013.00   18.66528
 1014.00   18.67215
 1015.00   18.65796
 1016.00   18.64566
 1017.00   18.59237
 1018.00   18.65765
 1019.00   18.60175
 1020.00   18.60765
 1021.00   18.66947
 1022.00   18.55676
 1023.00   18.60087
 1024.00   18.57312
 1025.00   18.57118
 1026.00   18.56466
 1027.00   18.64775
 1028.00   18.59741
 1029.00   18.57455
 1030.00   18.54674
 1031.00   18.54980
 1032.00   18.52501
 1033.00   18.62015
 1034.00   18.49895
 1035.00   18.49669
 1036.00   18.60908
 1037.00   18.53816
 1038.00   18.60294
 1039.00   18.47474
 1040.00   18.57313
 1041.00   18.55878
 1042.00   18.60406
 1043.00   18.60970
 1044.00   18.62638
 1045.00   18.54477
 1046.00   18.53622
 1047.00   18.59599
 1048.00   18.64154
 1049.00   18.59000
 1050.00   18.67171
 1051.00   18.58616
 1052.00   18.53487
 1053.00   18.54555
 1054.00   18.60763
 1055.00   18.50887
 1056.00   18.51372
 1057.00   18.56151
 1058.00   18.51494
 1059.00   18.55474
 1060.00   18.48475
 1061.00   18.51091
 1062.00   18.58416
 1063.00   18.49352
 1064.00   18.51648
 1065.00   18.57686
 1066.00   18.50482
 1067.00   18.62345
 1068.00   18.63206
 1069.00   18.53729
 1070.00   18.58193
 1071.00   18.53434
 1072.00   18.69829
 1073.00   18.54238
 1074.00   18.49107
 1075.00   18.64053
 1076.00   18.51669
 1077.00   18.51264
 1078.00   18.57784
 1079.00   18.52658
 1080.00   18.58554
 1081.00   18.48848
 1082.00   18.55928
 1083.00   18.62900
 1084.00   18.59959
 1085.00   18.58343
 1086.00   18.59867
 1087.00   18.54146
 1088.00   18.62046
 1089.00   18.59968
 1090.00   18.55519
 1091.00   18.61751
 1092.00   18.61449
 1093.00   18.55390
 1094.00   18.69070
 1095.00   18.67541
 1096.00   18.53253
 1097.00   18.65611
 1098.00   18.61611
 1099.00   18.74567
 1100.00   18.61032
 1101.00   18.55773
 1102.00   18.67610
 1103.00   18.57157
 1104.00   18.57865
 1105.00   18.45542
 1106.00   18.59862
 1107.00   18.48522
 1108.00   18.58430
 1109.00   18.55789
 1110.00   18.51886
 1111.00   18.61611
 1112.00   18.52987
 1113.00   18.57271
 1114.00   18.53621
 1115.00   18.48291
 1116.00   18.55922
 1117.00   18.54085
 1118.00   18.46112
 1119.00   18.49822
 1120.00   18.49119
 1121.00   18.54033
 1122.00   18.54608
 1123.00   18.45065
 1124.00   18.51180
 1125.00   18.53655
 1126.00   18.54823
 1127.00   18.44465
 1128.00   18.51799
 1129.00   18.57406
 1130.00   18.54185
 1131.00   18.58933
 1132.00   18.48101
 1133.00   18.54965
 1134.00   18.62057
 1135.00   18.58577
 1136.00   18.60603
 1137.00   18.66009
 1138.00   18.66940
 1139.00   18.66028
 1140.00   18.64416
 1141.00   18.63550
 1142.00   18.60636
 1143.00   18.57024
 1144.00   18.68964
 1145.00   18.64847
 1146.00   18.67543
 1147.00   18.53086
 1148.00   18.68052
 1149.00   18.69231
 1150.00   18.62623
 1151.00   18.68046
 1152.00   18.63941
 1153.00   18.68794
 1154.00   18.59581
 1155.00   18.60300
 1156.00   18.63192
 1157.00   18.61684
 1158.00   18.62017
 1159.00   18.53521
 1160.00   18.69598
 1161.00   18.63073
 1162.00   18.56528
 1163.00   18.68215
 1164.00   18.64875
 1165.00   18.54581
 1166.00   18.59649
 1167.00   18.60090
 1168.00   18.69273
 1169.00   18.64999
 1170.00   18.60581
 1171.00   18.55617
 1172.00   18.53969
 1173.00   18.59247
 1174.00   18.62642
 1175.00   18.59477
 1176.00   18.52308
 1177.00   18.60700
 1178.00   18.61568
 1179.00   18.61218
 1180.00   18.61020
 1181.00   18.61563
 1182.00   18.70825
 1183.00   18.55868
 1184.00   18.67992
 1185.00   18.73002
 1186.00   18.67202
 1187.00   18.72460
 1188.00   18.72767
 1189.00   18.64922
 1190.00   18.75182
 1191.00   18.69608
 1192.00   18.64972
 1193.00   18.79037
 1194.00   18.73248
 1195.00   18.69388
 1196.00   18.80453
 1197.00   18.80356
 1198.00   18.71272
 1199.00   18.83915
 1200.00   18.79228
 1201.00   18.73893
 1202.00   18.75949
 1203.00   18.72231
 1204.00   18.82975
 1205.00   18.71708
 1206.00   18.71106
 1207.00   18.76564
 1208.00   18.66922
 1209.00   18.73872
 1210.00   18.71213
 1211.00   18.71739
 1212.00   18.69815
 1213.00   18.73217
 1214.00   18.67454
 1215.00   18.77029
 1216.00   18.67203
 1217.00   18.84399
 1218.00   18.78023
 1219.00   18.69421
 1220.00   18.79502
 1221.00   18.77411
 1222.00   18.71472
 1223.00   18.83179
 1224.00   18.74739
 1225.00   18.75668
 1226.00   18.69585
 1227.00   18.73870
 1228.00   18.76757
 1229.00   18.76704
 1230.00   18.73553
 1231.00   18.74764
 1232.00   18.68543
 1233.00   18.67916
 1234.00   18.73245
 1235.00   18.74247
 1236.00   18.71799
 1237.00   18.61816
 1238.00   18.77444
 1239.00   18.74612
 1240.00   18.65840
 1241.00   18.75823
 1242.00   18.72091
 1243.00   18.75101
 1244.00   18.75165
 1245.00   18.71090
 1246.00   18.69734
 1247.00   18.70061
 1248.00   18.70272
 1249.00   18.74392
 1250.00   18.69348
 1251.00   18.68083
 1252.00   18.73817
 1253.00   18.76634
 1254.00   18.72303
 1255.00   18.68337
 1256.00   18.73988
 1257.00   18.69128
 1258.00   18.69361
 1259.00   18.70253
 1260.00   18.75294
 1261.00   18.65778
 1262.00   18.73698
 1263.00   18.69689
 1264.00   18.78056
 1265.00   18.70178
 1266.00   18.69801
 1267.00   18.68193
 1268.00   18.69502
 1269.00   18.74682
 1270.00   18.67795
 1271.00   18.72921
 1272.00   18.75548
 1273.00   18.73778
 1274.00   18.76101
 1275.00   18.76409
 1276.00   18.73053
 1277.00   18.82214
 1278.00   18.73916
 1279.00   18.74676
 1280.00   18.78132
 1281.00   18.69937
 1282.00   18.71624
 1283.00   18.85326
 1284.00   18.74585
 1285.00   18.75517
 1286.00   18.70333
 1287.00   18.75789
 1288.00   18.75503
 1289.00   18.73979
 1290.00   18.72108
 1291.00   18.80680
 1292.00   18.72811
 1293.00   18.68939
 1294.00   18.72619
 1295.00   18.67714
 1296.00   18.73455
 1297.00   18.69647
 1298.00   18.68524
 1299.00   18.67984
 1300.00   18.71973
 1301.00   18.64505
 1302.00   18.64363
 1303.00   18.66506
 1304.00   18.66013
 1305.00   18.70357
 1306.00   18.59751
 1307.00   18.75693
 1308.00   18.70077
 1309.00   18.65512
 1310.00   18.69677
 1311.00   18.74748
 1312.00   18.78219
 1313.00   18.73559
 1314.00   18.75919
 1315.00   18.75874
 1316.00   18.76748
 1317.00   18.67555
 1318.00   18.80641
 1319.00   18.81666
 1320.00   18.74633
 1321.00   18.74397
 1322.00   18.75736
 1323.00   18.72101
 1324.00   18.74591
 1325.00   18.71084
 1326.00   18.70355
 1327.00   18.70957
 1328.00   18.69690
 1329.00   18.71574
 1330.00   18.72418
 1331.00   18.63497
 1332.00   18.74109
 1333.00   18.75656
 1334.00   18.72408
 1335.00   18.68003
 1336.00   18.75160
 1337.00   18.63198
 1338.00   18.61751
 1339.00   18.66338
 1340.00   18.69124
 1341.00   18.66552
 1342.00   18.64468
 1343.00   18.71008
 1344.00   18.70492
 1345.00   18.58651
 1346.00   18.69139
 1347.00   18.64590
 1348.00   18.70168
 1349.00   18.72819
 1350.00   18.77449
 1351.00   18.62330
 1352.00   18.69434
 1353.00   18.72344
 1354.00   18.75191
 1355.00   18.67828
 1356.00   18.73222
 1357.00   18.72782
 1358.00   18.77593
 1359.00   18.74030
 1360.00   18.72590
 1361.00   18.73325
 1362.00   18.74343
 1363.00   18.79181
 1364.00   18.74763
 1365.00   18.82320
 1366.00   18.68923
 1367.00   18.79641
 1368.00   18.74788
 1369.00   18.71458
 1370.00   18.72103
 1371.00   18.69867
 1372.00   18.76359
 1373.00   18.74339
 1374.00   18.74255
 1375.00   18.69744
 1376.00   18.74281
 1377.00   18.78974
 1378.00   18.74139
 1379.00   18.79658
 1380.00   18.83381
 1381.00   18.74346
 1382.00   18.77483
 1383.00   18.80692
 1384.00   18.83378
 1385.00   18.75201
 1386.00   18.71084
 1387.00   18.79807
 1388.00   18.68145
 1389.00   18.69577
 1390.00   18.75240
 1391.00   18.68443
 1392.00   18.65888
 1393.00   18.72173
 1394.00   18.66271
 1395.00   18.67873
 1396.00   18.68611
 1397.00   18.72015
 1398.00   18.69155
 1399.00   18.62503
 1400.00   18.64366
 1401.00   18.72546
 1402.00   18.73337
 1403.00   18.62771
 1404.00   18.59760
 1405.00   18.64809
 1406.00   18.71056
 1407.00   18.70177
 1408.00   18.58914
 1409.00   18.64998
 1410.00   18.69459
 1411.00   18.72695
 1412.00   18.67092
 1413.00   18.72552
 1414.00   18.57155
 1415.00   18.71893
 1416.00   18.68208
 1417.00   18.73372
 1418.00   18.76887
 1419.00   18.67281
 1420.00   18.64253
 1421.00   18.76802
 1422.00   18.84379
 1423.00   18.71583
 1424.00   18.85210
 1425.00   18.91410
 1426.00   18.78660
 1427.00   18.79360
 1428.00   18.82954
 1429.00   18.90595
 1430.00   18.88988
 1431.00   18.83915
 1432.00   18.77168
 1433.00   18.82427
 1434.00   18.87911
 1435.00   18.93903
 1436.00   18.87256
 1437.00   18.91941
 1438.00   18.95775
 1439.00   18.86694
 1440.00   18.88668
 1441.00   18.94635
 1442.00   18.86332
 1443.00   18.83252
 1444.00   18.92358
 1445.00   18.79305
 1446.00   18.79990
 1447.00   18.81783
 1448.00   18.78610
 1449.00   18.84725
 1450.00   18.74457
 1451.00   18.76211
 1452.00   18.85430
 1453.00   18.88233
 1454.00   18.86954
 1455.00   18.89585
 1456.00   18.81051
 1457.00   18.92445
 1458.00   18.92264
 1459.00   18.81806
 1460.00   18.86161
 1461.00   18.93160
 1462.00   18.91964
 1463.00   18.92775
 1464.00   18.90742
 1465.00   18.97117
 1466.00   18.89820
 1467.00   18.99721
 1468.00   18.88214
 1469.00   18.86537
 1470.00   18.82607
 1471.00   18.91728
 1472.00   18.87227
 1473.00   18.81271
 1474.00   18.83166
 1475.00   18.79638
 1476.00   18.78916
 1477.00   18.77666
 1478.00   18.83433
 1479.00   18.76869
 1480.00   18.75862
 1481.00   18.80858
 1482.00   18.86685
 1483.00   18.75456
 1484.00   18.77089
 1485.00   18.76792
 1486.00   18.83803
 1487.00   18.71180
 1488.00   18.73092
 1489.00   18.72653
 1490.00   18.71006
 1491.00   18.72111
 1492.00   18.71561
 1493.00   18.75286
 1494.00   18.78377
 1495.00   18.68110
 1496.00   18.69082
 1497.00   18.71037
