    1.00    0.00000
    2.00    0.19357
    3.00    0.19881
    4.00    0.19759
    5.00    0.37995
    6.00    0.36938
    7.00    0.08080
    8.00    0.56717
    9.00    0.54784
   10.00    0.20707
   11.00    0.74825
   12.00    0.73225
   13.00    0.39798
   14.00    0.93116
   15.00    0.91161
   16.00    0.57556
   17.00    1.11064
   18.00    1.09251
   19.00    0.75614
   20.00    1.28450
   21.00    1.26863
   22.00    0.93518
   23.00    1.44785
   24.00    1.44649
   25.00    1.11153
   26.00    1.61251
   27.00    1.60655
   28.00    1.27376
   29.00    1.77636
   30.00    1.76578
   31.00    1.44006
   32.00    1.63085
   33.00    1.63458
   34.00    1.93167
   35.00    2.09116
   36.00    2.08767
   37.00    1.75695
   38.00    2.24960
   39.00    2.24258
   40.00    1.92167
   41.00    2.40976
   42.00    2.40295
   43.00    2.08208
   44.00    2.57175
   45.00    2.56382
   46.00    2.24433
   47.00    2.73379
   48.00    2.72672
   49.00    2.40736
   50.00    2.58236
   51.00    2.57583
   52.00    2.90399
   53.00    3.06025
   54.00    3.05445
   55.00    2.72982
   56.00    2.90200
   57.00    2.89573
   58.00    3.22765
   59.00    3.38050
   60.00    3.37938
   61.00    3.05208
   62.00    3.52989
   63.00    3.50641
   64.00    3.21943
   65.00    3.68289
   66.00    3.65913
   67.00    3.37052
   68.00    3.83865
   69.00    3.81809
   70.00    3.52408
   71.00    3.67809
   72.00    3.67625
   73.00    4.01317
   74.00    4.16674
   75.00    4.16428
   76.00    3.83960
   77.00    3.99861
   78.00    3.99705
   79.00    4.33728
   80.00    4.49106
   81.00    4.48806
   82.00    4.16312
   83.00    4.64395
   84.00    4.64118
   85.00    4.32847
   86.00    4.80064
   87.00    4.79560
   88.00    4.48230
   89.00    4.95525
   90.00    4.94018
   91.00    4.64172
   92.00    4.78970
   93.00    4.78946
   94.00    5.13166
   95.00    5.28520
   96.00    5.28244
   97.00    4.96127
   98.00    5.11375
   99.00    5.11412
  100.00    5.45910
  101.00    5.61204
  102.00    5.60675
  103.00    5.28836
  104.00    5.76270
  105.00    5.76126
  106.00    5.45064
  107.00    5.91741
  108.00    5.91510
  109.00    5.60286
  110.00    6.07196
  111.00    6.07097
  112.00    5.75783
  113.00    6.22670
  114.00    6.21640
  115.00    5.91282
  116.00    6.38380
  117.00    6.38244
  118.00    6.06646
  119.00    6.54073
  120.00    6.53961
  121.00    6.22257
  122.00    6.69705
  123.00    6.68901
  124.00    6.37983
  125.00    6.85288
  126.00    6.84597
  127.00    6.53573
  128.00    7.00938
  129.00    7.00230
  130.00    6.69325
  131.00    7.16702
  132.00    7.16614
  133.00    6.84922
  134.00    7.32333
  135.00    7.31793
  136.00    7.00785
  137.00    7.48010
  138.00    7.47465
  139.00    7.16397
  140.00    7.63696
  141.00    7.63173
  142.00    7.32100
  143.00    7.79270
  144.00    7.78807
  145.00    7.47823
  146.00    7.62737
  147.00    7.63289
  148.00    7.96578
  149.00    7.78847
  150.00    7.79665
  151.00    8.13370
  152.00    8.28216
  153.00    8.28053
  154.00    7.96571
  155.00    8.43437
  156.00    8.42673
  157.00    8.12475
  158.00    8.58188
  159.00    8.57376
  160.00    8.27238
  161.00    8.72462
  162.00    8.72449
  163.00    8.41852
  164.00    8.87526
  165.00    8.87636
  166.00    8.56948
  167.00    8.71342
  168.00    8.70690
  169.00    9.05533
  170.00    8.88088
  171.00    8.87733
  172.00    9.22865
  173.00    9.37625
  174.00    9.36588
  175.00    9.06329
  176.00    9.19536
  177.00    9.18908
  178.00    9.54568
  179.00    9.36956
  180.00    9.36229
  181.00    9.70930
  182.00    9.84820
  183.00    9.84950
  184.00    9.53945
  185.00    9.67741
  186.00    9.66916
  187.00   10.02454
  188.00   10.16130
  189.00   10.14909
  190.00    9.85640
  191.00    9.97253
  192.00    9.96350
  193.00   10.32328
  194.00   10.14694
  195.00   10.15326
  196.00   10.48122
  197.00   10.63057
  198.00   10.62267
  199.00   10.31073
  200.00   10.77183
  201.00   10.77344
  202.00   10.46966
  203.00   10.59754
  204.00   10.60099
  205.00   10.94832
  206.00   11.08755
  207.00   11.07291
  208.00   10.77921
  209.00   10.89228
  210.00   10.88648
  211.00   11.24521
  212.00   11.38680
  213.00   11.38702
  214.00   11.07224
  215.00   11.52690
  216.00   11.52229
  217.00   11.22575
  218.00   11.34523
  219.00   11.34885
  220.00   11.70515
  221.00   11.84691
  222.00   11.84377
  223.00   11.53406
  224.00   11.99239
  225.00   11.98236
  226.00   11.68921
  227.00   11.80475
  228.00   11.79794
  229.00   12.16245
  230.00   11.97538
  231.00   11.97843
  232.00   12.32960
  233.00   12.47907
  234.00   12.45956
  235.00   12.15817
  236.00   12.62335
  237.00   12.60779
  238.00   12.32118
  239.00   12.44059
  240.00   12.44367
  241.00   12.80316
  242.00   12.94602
  243.00   12.92422
  244.00   12.63673
  245.00   12.78031
  246.00   12.76595
  247.00   13.11353
  248.00   12.94779
  249.00   12.94042
  250.00   13.26798
  251.00   13.42018
  252.00   13.39075
  253.00   13.09751
  254.00   13.25462
  255.00   13.24834
  256.00   13.58387
  257.00   13.73020
  258.00   13.69541
  259.00   13.41789
  260.00   13.56248
  261.00   13.55938
  262.00   13.89768
  263.00   14.04285
  264.00   14.00901
  265.00   13.73055
  266.00   13.87528
  267.00   13.86914
  268.00   14.20615
  269.00   14.34944
  270.00   14.32219
  271.00   14.04176
  272.00   14.49507
  273.00   14.47583
  274.00   14.19740
  275.00   14.32900
  276.00   14.31569
  277.00   14.66498
  278.00   14.78618
  279.00   14.73365
  280.00   14.53212
  281.00   14.91023
  282.00   14.86244
  283.00   14.66825
  284.00   15.03757
  285.00   15.00712
  286.00   14.78514
  287.00   15.16694
  288.00   15.11435
  289.00   14.92331
  290.00   15.29728
  291.00   15.24903
  292.00   15.05065
  293.00   15.16879
  294.00   15.14676
  295.00   15.45271
  296.00   15.32027
  297.00   15.28733
  298.00   15.59998
  299.00   15.73234
  300.00   15.69368
  301.00   15.46423
  302.00   15.86692
  303.00   15.82851
  304.00   15.60473
  305.00   15.73314
  306.00   15.70503
  307.00   16.01910
  308.00   16.15265
  309.00   16.11552
  310.00   15.88441
  311.00   16.01558
  312.00   15.99014
  313.00   16.30135
  314.00   16.43313
  315.00   16.40042
  316.00   16.16312
  317.00   16.36096
  318.00   16.31165
  319.00   16.54527
  320.00   16.45225
  321.00   16.41818
  322.00   16.66061
  323.00   16.77788
  324.00   16.71032
  325.00   16.54234
  326.00   16.88030
  327.00   16.83617
  328.00   16.68484
  329.00   16.59031
  330.00   16.54463
  331.00   16.79974
  332.00   16.91481
  333.00   16.86000
  334.00   16.69334
  335.00   16.97483
  336.00   16.94086
  337.00   16.87584
  338.00   16.91762
  339.00   16.93624
  340.00   16.79786
  341.00   16.87030
  342.00   16.79205
  343.00   16.74175
  344.00   16.84809
  345.00   16.77244
  346.00   16.63046
  347.00   16.79124
  348.00   16.74652
  349.00   16.93195
  350.00   16.82198
  351.00   16.83487
  352.00   17.01261
  353.00   17.05177
  354.00   17.07857
  355.00   16.89535
  356.00   16.98299
  357.00   17.01326
  358.00   17.11837
  359.00   17.03504
  360.00   17.07888
  361.00   16.94382
  362.00   17.03633
  363.00   16.96713
  364.00   16.84576
  365.00   16.97721
  366.00   16.95940
  367.00   17.12948
  368.00   17.07642
  369.00   17.02288
  370.00   17.21306
  371.00   17.17670
  372.00   17.15119
  373.00   17.24064
  374.00   17.26123
  375.00   17.20164
  376.00   17.13724
  377.00   17.06026
  378.00   17.10283
  379.00   17.16378
  380.00   17.14103
  381.00   17.15865
  382.00   17.00170
  383.00   17.22601
  384.00   17.24511
  385.00   17.05375
  386.00   17.20434
  387.00   17.19897
  388.00   17.29661
  389.00   17.22515
  390.00   17.25659
  391.00   17.15339
  392.00   17.11131
  393.00   17.03657
  394.00   17.19160
  395.00   17.07895
  396.00   17.06010
  397.00   17.16985
  398.00   17.22426
  399.00   17.24550
  400.00   17.06287
  401.00   17.33694
  402.00   17.32406
  403.00   17.16103
  404.00   17.30273
  405.00   17.27794
  406.00   17.39696
  407.00   17.34160
  408.00   17.26844
  409.00   17.49523
  410.00   17.43269
  411.00   17.42771
  412.00   17.58669
  413.00   17.63800
  414.00   17.69575
  415.00   17.48347
  416.00   17.81215
  417.00   17.75993
  418.00   17.61065
  419.00   17.89524
  420.00   17.81968
  421.00   17.76520
  422.00   17.87375
  423.00   17.83475
  424.00   17.67730
  425.00   17.94450
  426.00   17.89067
  427.00   17.81667
  428.00   17.92645
  429.00   17.88667
  430.00   17.73099
  431.00   18.01070
  432.00   17.99927
  433.00   17.88020
  434.00   17.96604
  435.00   17.94981
  436.00   17.83600
  437.00   17.79430
  438.00   17.78361
  439.00   17.89557
  440.00   17.83363
  441.00   17.84051
  442.00   17.99295
  443.00   18.05598
  444.00   18.00164
  445.00   17.89858
  446.00   17.83652
  447.00   17.77096
  448.00   17.96051
  449.00   18.04135
  450.00   17.95933
  451.00   17.86757
  452.00   17.99932
  453.00   17.99318
  454.00   18.09821
  455.00   18.19232
  456.00   18.18591
  457.00   17.99993
  458.00   18.26745
  459.00   18.19684
  460.00   18.10123
  461.00   18.34396
  462.00   18.37655
  463.00   18.17536
  464.00   18.30930
  465.00   18.34661
  466.00   18.44369
  467.00   18.39353
  468.00   18.40818
  469.00   18.51316
  470.00   18.43928
  471.00   18.47846
  472.00   18.59978
  473.00   18.58781
  474.00   18.60611
  475.00   18.59638
  476.00   18.58094
  477.00   18.65337
  478.00   18.64006
  479.00   18.61328
  480.00   18.69461
  481.00   18.65926
  482.00   18.68531
  483.00   18.64688
  484.00   18.73386
  485.00   18.74174
  486.00   18.73995
  487.00   18.55253
  488.00   18.73818
  489.00   18.70564
  490.00   18.69877
  491.00   18.73935
  492.00   18.68045
  493.00   18.67964
  494.00   18.67794
  495.00   18.71797
  496.00   18.64692
  497.00   18.63974
  498.00   18.61042
  499.00   18.66634
  500.00   18.61643
  501.00   18.60186
  502.00   18.64258
  503.00   18.60298
  504.00   18.57866
  505.00   18.68041
  506.00   18.67943
  507.00   18.64332
  508.00   18.64198
  509.00   18.57260
  510.00   18.59942
  511.00   18.68258
  512.00   18.63591
  513.00   18.63626
  514.00   18.57283
  515.00   18.63585
  516.00   18.57238
  517.00   18.51164
  518.00   18.58396
  519.00   18.51899
  520.00   18.43196
  521.00   18.65337
  522.00   18.59676
  523.00   18.49546
  524.00   18.40674
  525.00   18.47773
  526.00   18.58078
  527.00   18.60930
  528.00   18.59760
  529.00   18.52162
  530.00   18.58254
  531.00   18.63101
  532.00   18.46525
  533.00   18.38589
  534.00   18.33977
  535.00   18.56466
  536.00   18.61849
  537.00   18.66902
  538.00   18.50917
  539.00   18.46791
  540.00   18.48155
  541.00   18.56530
  542.00   18.56029
  543.00   18.48702
  544.00   18.40630
  545.00   18.33949
  546.00   18.27945
  547.00   18.46997
  548.00   18.41087
  549.00   18.44108
  550.00   18.52437
  551.00   18.38697
  552.00   18.39834
  553.00   18.53108
  554.00   18.45586
  555.00   18.40709
  556.00   18.59417
  557.00   18.51799
  558.00   18.47122
  559.00   18.69483
  560.00   18.71276
  561.00   18.73588
  562.00   18.70854
  563.00   18.64244
  564.00   18.69022
  565.00   18.71160
  566.00   18.68564
  567.00   18.72386
  568.00   18.68802
  569.00   18.68923
  570.00   18.72475
  571.00   18.66866
  572.00   18.64223
  573.00   18.72665
  574.00   18.66679
  575.00   18.76361
  576.00   18.75829
  577.00   18.58368
  578.00   18.71507
  579.00   18.74879
  580.00   18.78056
  581.00   18.75200
  582.00   18.73051
  583.00   18.75518
  584.00   18.71121
  585.00   18.74605
  586.00   18.72544
  587.00   18.79099
  588.00   18.72520
  589.00   18.73060
  590.00   18.80636
  591.00   18.79200
  592.00   18.76840
  593.00   18.78788
  594.00   18.81459
  595.00   18.79985
  596.00   18.77806
  597.00   18.77941
  598.00   18.79973
  599.00   18.72780
  600.00   18.84667
  601.00   18.77460
  602.00   18.85581
  603.00   18.86315
  604.00   18.81926
  605.00   18.85577
  606.00   18.85102
  607.00   18.85495
  608.00   18.82449
  609.00   18.71524
  610.00   18.92193
  611.00   18.91993
  612.00   18.95787
  613.00   18.89894
  614.00   18.88104
  615.00   18.84278
  616.00   18.91165
  617.00   18.83058
  618.00   18.84581
  619.00   18.81000
  620.00   18.84639
  621.00   18.79925
  622.00   18.76911
  623.00   18.84908
  624.00   18.84105
  625.00   18.84399
  626.00   18.85993
  627.00   18.80529
  628.00   18.81385
  629.00   18.75212
  630.00   18.82088
  631.00   18.74961
  632.00   18.85935
  633.00   18.78412
  634.00   18.80137
  635.00   18.73293
  636.00   18.77292
  637.00   18.76903
  638.00   18.78049
  639.00   18.73940
  640.00   18.82705
  641.00   18.78108
  642.00   18.83134
  643.00   18.82994
  644.00   18.77284
  645.00   18.82689
  646.00   18.84024
  647.00   18.73845
  648.00   18.83867
  649.00   18.90382
  650.00   18.73290
  651.00   18.84145
  652.00   18.90637
  653.00   18.86729
  654.00   18.90320
  655.00   18.77281
  656.00   18.88246
  657.00   18.88672
  658.00   18.92941
  659.00   18.91189
  660.00   18.90906
  661.00   18.94241
  662.00   18.83402
  663.00   18.91994
  664.00   18.93769
  665.00   18.91648
  666.00   18.93062
  667.00   18.90087
  668.00   18.84313
  669.00   18.89430
  670.00   18.90956
  671.00   18.92643
  672.00   18.89053
  673.00   18.90358
  674.00   18.81443
  675.00   18.93738
  676.00   18.92168
  677.00   18.91650
  678.00   18.93965
  679.00   18.93782
  680.00   18.91524
  681.00   18.97808
  682.00   18.94931
  683.00   18.88853
  684.00   18.91347
  685.00   18.98331
  686.00   18.92205
  687.00   18.90721
  688.00   19.02647
  689.00   18.91199
  690.00   18.90092
  691.00   18.92261
  692.00   18.89760
  693.00   18.82010
  694.00   18.94800
  695.00   18.84517
  696.00   18.82083
  697.00   18.96454
  698.00   19.00998
  699.00   19.01142
  700.00   18.89641
  701.00   19.05412
  702.00   19.00378
  703.00   19.00714
  704.00   18.95551
  705.00   18.95566
  706.00   19.02304
  707.00   18.90234
  708.00   18.94397
  709.00   18.97187
  710.00   18.85542
  711.00   18.83358
  712.00   18.91094
  713.00   18.74221
  714.00   18.79169
  715.00   18.91324
  716.00   18.91321
  717.00   18.99773
  718.00   18.86044
  719.00   18.80170
  720.00   18.82292
  721.00   18.84942
  722.00   18.85805
  723.00   18.90042
  724.00   18.82871
  725.00   18.78031
  726.00   18.77500
  727.00   18.79803
  728.00   18.75819
  729.00   18.83617
  730.00   18.77467
  731.00   18.70603
  732.00   18.71011
  733.00   18.83198
  734.00   18.63287
  735.00   18.61382
  736.00   18.77218
  737.00   18.56211
  738.00   18.51417
  739.00   18.69157
  740.00   18.64083
  741.00   18.59692
  742.00   18.76658
  743.00   18.68577
  744.00   18.70118
  745.00   18.86622
  746.00   18.60623
  747.00   18.59493
  748.00   18.79191
  749.00   18.85814
  750.00   18.81642
  751.00   18.73550
  752.00   18.67525
  753.00   18.62973
  754.00   18.76238
  755.00   18.74281
  756.00   18.75124
  757.00   18.60301
  758.00   18.51369
  759.00   18.56692
  760.00   18.71378
  761.00   18.76642
  762.00   18.79138
  763.00   18.63566
  764.00   18.82907
  765.00   18.84414
  766.00   18.72010
  767.00   18.74577
  768.00   18.79527
  769.00   18.91164
  770.00   18.90857
  771.00   18.85645
  772.00   18.88466
  773.00   18.83021
  774.00   18.79748
  775.00   18.93544
  776.00   18.79378
  777.00   18.83743
  778.00   18.86729
  779.00   18.77094
  780.00   18.79281
  781.00   18.79266
  782.00   18.69538
  783.00   18.71840
  784.00   18.85928
  785.00   18.79267
  786.00   18.81797
  787.00   18.90652
  788.00   18.89466
  789.00   18.89430
  790.00   18.89995
  791.00   18.95260
  792.00   18.89885
  793.00   18.81818
  794.00   18.74291
  795.00   18.76709
  796.00   18.86921
  797.00   18.87451
  798.00   18.91962
  799.00   18.78761
  800.00   18.76555
  801.00   18.85718
  802.00   18.77026
  803.00   18.85262
  804.00   18.77161
  805.00   18.68931
  806.00   18.83644
  807.00   18.79309
  808.00   18.88490
  809.00   18.82008
  810.00   18.76482
  811.00   18.85109
  812.00   18.81008
  813.00   18.78097
  814.00   18.77305
  815.00   18.79739
  816.00   18.86890
  817.00   18.75071
  818.00   18.84692
  819.00   18.75293
  820.00   18.79489
  821.00   18.91670
  822.00   18.85424
  823.00   18.77069
  824.00   18.67666
  825.00   18.71743
  826.00   18.84176
  827.00   18.87168
  828.00   18.89970
  829.00   18.78290
  830.00   18.88220
  831.00   18.90962
  832.00   18.86011
  833.00   18.92775
  834.00   18.93687
  835.00   18.88101
  836.00   18.95647
  837.00   18.90751
  838.00   18.90631
  839.00   18.87867
  840.00   18.93435
  841.00   18.85464
  842.00   18.90309
  843.00   18.90132
  844.00   18.80184
  845.00   18.87887
  846.00   18.83797
  847.00   18.91227
  848.00   18.91786
  849.00   18.95382
  850.00   18.83892
  851.00   18.85651
  852.00   18.87224
  853.00   18.76922
  854.00   18.86482
  855.00   18.90288
  856.00   18.80191
  857.00   18.96845
  858.00   18.95464
  859.00   18.81013
  860.00   18.93150
  861.00   18.85244
  862.00   18.98240
  863.00   18.99025
  864.00   19.04359
  865.00   18.92583
  866.00   19.06847
  867.00   19.05710
  868.00   19.02243
  869.00   18.98965
  870.00   19.06588
  871.00   19.11137
  872.00   19.04406
  873.00   19.00465
  874.00   19.09408
  875.00   19.10881
  876.00   19.09450
  877.00   19.03480
  878.00   19.11081
  879.00   19.14864
  880.00   19.10689
  881.00   19.11842
  882.00   19.14525
  883.00   19.05109
  884.00   19.03472
  885.00   19.10782
  886.00   19.01314
  887.00   19.08398
  888.00   19.02956
  889.00   19.13155
  890.00   19.03047
  891.00   19.01741
  892.00   19.06910
  893.00   19.02171
  894.00   18.99209
  895.00   19.04859
  896.00   18.94518
  897.00   19.07197
  898.00   18.99268
  899.00   18.97331
  900.00   18.98216
  901.00   19.00129
  902.00   19.01162
  903.00   18.88592
  904.00   18.96429
  905.00   18.90243
  906.00   18.99301
  907.00   19.00342
  908.00   18.89655
  909.00   18.86362
  910.00   18.91435
  911.00   18.93246
  912.00   18.88730
  913.00   18.84448
  914.00   18.94037
  915.00   18.89324
  916.00   18.79239
  917.00   18.72977
  918.00   18.71107
  919.00   18.88474
  920.00   18.88353
  921.00   18.93595
  922.00   18.80960
  923.00   18.87696
  924.00   18.84458
  925.00   18.71634
  926.00   18.62652
  927.00   18.68516
  928.00   18.76959
  929.00   18.69820
  930.00   18.71674
  931.00   18.52945
  932.00   18.59453
  933.00   18.62826
  934.00   18.42647
  935.00   18.69742
  936.00   18.71626
  937.00   18.52984
  938.00   18.64812
  939.00   18.61538
  940.00   18.80798
  941.00   18.88921
  942.00   18.82444
  943.00   18.74915
  944.00   18.72546
  945.00   18.65714
  946.00   18.84216
  947.00   18.86587
  948.00   18.84965
  949.00   18.84835
  950.00   18.90328
  951.00   18.88265
  952.00   18.77278
  953.00   18.85606
  954.00   18.85897
  955.00   18.69084
  956.00   18.91132
  957.00   18.87383
  958.00   18.79850
  959.00   18.87783
  960.00   18.87993
  961.00   18.89592
  962.00   18.94833
  963.00   18.88511
  964.00   18.81308
  965.00   18.87199
  966.00   18.87303
  967.00   18.75244
  968.00   18.65357
  969.00   18.70177
  970.00   18.80517
  971.00   18.85022
  972.00   18.82769
  973.00   18.76909
  974.00   18.67127
  975.00   18.72271
  976.00   18.86159
  977.00   18.61967
  978.00   18.68272
  979.00   18.78050
  980.00   18.82565
  981.00   18.81994
  982.00   18.70661
  983.00   18.74722
  984.00   18.79300
  985.00   18.63923
  986.00   18.55997
  987.00   18.60168
  988.00   18.71553
  989.00   18.64250
  990.00   18.63963
  991.00   18.74672
  992.00   18.80872
  993.00   18.81113
  994.00   18.63258
  995.00   18.72813
  996.00   18.76962
  997.00   18.85409
  998.00   18.79219
  999.00   18.80360
 1000.00   18.70082
 1001.00   18.74449
 1002.00   18.76190
 1003.00   18.84982
 1004.00   18.84535
 1005.00   18.83066
 1006.00   18.67183
 1007.00   18.86165
 1008.00   18.87839
 1009.00   18.78647
 1010.00   18.81362
 1011.00   18.85161
 1012.00   18.74748
 1013.00   18.93938
 1014.00   18.87501
 1015.00   18.81814
 1016.00   18.83670
 1017.00   18.76309
 1018.00   18.79022
 1019.00   18.82277
 1020.00   18.79623
 1021.00   18.72174
 1022.00   18.68022
 1023.00   18.70282
 1024.00   18.74391
 1025.00   18.69131
 1026.00   18.66754
 1027.00   18.81679
 1028.00   18.75629
 1029.00   18.76611
 1030.00   18.86037
 1031.00   18.72644
 1032.00   18.68983
 1033.00   18.76373
 1034.00   18.72335
 1035.00   18.70086
 1036.00   18.81992
 1037.00   18.74014
 1038.00   18.80693
 1039.00   18.85985
 1040.00   18.86095
 1041.00   18.86106
 1042.00   18.74061
 1043.00   18.83481
 1044.00   18.87306
 1045.00   18.77538
 1046.00   18.83074
 1047.00   18.84960
 1048.00   18.70906
 1049.00   18.76523
 1050.00   18.79777
 1051.00   18.60671
 1052.00   18.57776
 1053.00   18.58136
 1054.00   18.65761
 1055.00   18.50252
 1056.00   18.48297
 1057.00   18.64543
 1058.00   18.71494
 1059.00   18.60238
 1060.00   18.59912
 1061.00   18.48771
 1062.00   18.50653
 1063.00   18.67211
 1064.00   18.72930
 1065.00   18.73326
 1066.00   18.60969
 1067.00   18.75400
 1068.00   18.80734
 1069.00   18.67927
 1070.00   18.86244
 1071.00   18.87292
 1072.00   18.73595
 1073.00   18.81584
 1074.00   18.71909
 1075.00   18.66762
 1076.00   18.72105
 1077.00   18.70107
 1078.00   18.60671
 1079.00   18.54557
 1080.00   18.55742
 1081.00   18.66557
 1082.00   18.60653
 1083.00   18.56870
 1084.00   18.47785
 1085.00   18.54614
 1086.00   18.56436
 1087.00   18.38100
 1088.00   18.47942
 1089.00   18.52363
 1090.00   18.61821
 1091.00   18.58574
 1092.00   18.52757
 1093.00   18.67753
 1094.00   18.62071
 1095.00   18.61790
 1096.00   18.54400
 1097.00   18.58703
 1098.00   18.56322
 1099.00   18.48284
 1100.00   18.51484
 1101.00   18.51166
 1102.00   18.66917
 1103.00   18.54800
 1104.00   18.53963
 1105.00   18.43657
 1106.00   18.49162
 1107.00   18.49521
 1108.00   18.35638
 1109.00   18.45617
 1110.00   18.42878
 1111.00   18.56233
 1112.00   18.59623
 1113.00   18.62289
 1114.00   18.53037
 1115.00   18.56093
 1116.00   18.56865
 1117.00   18.64413
 1118.00   18.49896
 1119.00   18.55176
 1120.00   18.59047
 1121.00   18.47915
 1122.00   18.47623
 1123.00   18.59012
 1124.00   18.49224
 1125.00   18.48368
 1126.00   18.43649
 1127.00   18.50382
 1128.00   18.54779
 1129.00   18.34018
 1130.00   18.59214
 1131.00   18.55529
 1132.00   18.50655
 1133.00   18.54751
 1134.00   18.52215
 1135.00   18.47062
 1136.00   18.48258
 1137.00   18.47939
 1138.00   18.59421
 1139.00   18.63184
 1140.00   18.63710
 1141.00   18.53633
 1142.00   18.57176
 1143.00   18.60475
 1144.00   18.49063
 1145.00   18.51874
 1146.00   18.54349
 1147.00   18.42840
 1148.00   18.46731
 1149.00   18.46463
 1150.00   18.58749
 1151.00   18.48349
 1152.00   18.48741
 1153.00   18.42676
 1154.00   18.46205
 1155.00   18.45676
 1156.00   18.51859
 1157.00   18.40730
 1158.00   18.40358
 1159.00   18.51410
 1160.00   18.46588
 1161.00   18.45344
 1162.00   18.38156
 1163.00   18.41811
 1164.00   18.41949
 1165.00   18.50984
 1166.00   18.43734
 1167.00   18.43388
 1168.00   18.39872
 1169.00   18.45043
 1170.00   18.44682
 1171.00   18.40419
 1172.00   18.45917
 1173.00   18.46318
 1174.00   18.41148
 1175.00   18.37539
 1176.00   18.36045
 1177.00   18.43970
 1178.00   18.35599
 1179.00   18.33787
 1180.00   18.41852
 1181.00   18.35184
 1182.00   18.39436
 1183.00   18.48588
 1184.00   18.31935
 1185.00   18.36575
 1186.00   18.47036
 1187.00   18.36116
 1188.00   18.37413
 1189.00   18.30962
 1190.00   18.28105
 1191.00   18.31996
 1192.00   18.43426
 1193.00   18.21562
 1194.00   18.28855
 1195.00   18.29970
 1196.00   18.26058
 1197.00   18.23996
 1198.00   18.32299
 1199.00   18.38614
 1200.00   18.35153
 1201.00   18.25610
 1202.00   18.30662
 1203.00   18.33882
 1204.00   18.20673
 1205.00   18.31933
 1206.00   18.30581
 1207.00   18.43691
 1208.00   18.27646
 1209.00   18.23741
 1210.00   18.33900
 1211.00   18.31347
 1212.00   18.29304
 1213.00   18.36631
 1214.00   18.33713
 1215.00   18.33555
 1216.00   18.26700
 1217.00   18.42747
 1218.00   18.37447
 1219.00   18.28737
 1220.00   18.36279
 1221.00   18.32189
 1222.00   18.43017
 1223.00   18.24143
 1224.00   18.25393
 1225.00   18.36607
 1226.00   18.31613
 1227.00   18.28424
 1228.00   18.20093
 1229.00   18.28691
 1230.00   18.33556
 1231.00   18.22504
 1232.00   18.17925
 1233.00   18.13472
 1234.00   18.29445
 1235.00   18.16726
 1236.00   18.20217
 1237.00   18.09339
 1238.00   18.20903
 1239.00   18.29133
 1240.00   18.11638
 1241.00   18.12165
 1242.00   18.17922
 1243.00   18.02325
 1244.00   18.25629
 1245.00   18.23913
 1246.00   18.10361
 1247.00   18.29430
 1248.00   18.25645
 1249.00   18.17484
 1250.00   18.09881
 1251.00   18.09583
 1252.00   18.23550
 1253.00   18.00975
 1254.00   18.01198
 1255.00   18.15417
 1256.00   18.03034
 1257.00   18.04537
 1258.00   17.95117
 1259.00   17.84090
 1260.00   17.96371
 1261.00   17.99851
 1262.00   17.98934
 1263.00   18.06499
 1264.00   17.88933
 1265.00   18.13770
 1266.00   18.05332
 1267.00   17.97758
 1268.00   18.15827
 1269.00   18.22157
 1270.00   18.06442
 1271.00   18.10986
 1272.00   18.16537
 1273.00   18.28997
 1274.00   18.18675
 1275.00   18.24838
 1276.00   18.08542
 1277.00   18.15746
 1278.00   18.21017
 1279.00   18.30014
 1280.00   18.28850
 1281.00   18.23994
 1282.00   18.11739
 1283.00   18.04404
 1284.00   18.09108
 1285.00   18.12644
 1286.00   18.11877
 1287.00   18.13315
 1288.00   18.02819
 1289.00   18.16009
 1290.00   18.13690
 1291.00   18.05176
 1292.00   18.05649
 1293.00   18.09906
 1294.00   18.00281
 1295.00   17.93429
 1296.00   18.00956
 1297.00   18.06658
 1298.00   18.04376
 1299.00   18.10772
 1300.00   17.95484
 1301.00   18.08875
 1302.00   18.04365
 1303.00   17.98724
 1304.00   18.03858
 1305.00   18.01208
 1306.00   17.95004
 1307.00   17.97995
 1308.00   18.02823
 1309.00   17.90025
 1310.00   18.00158
 1311.00   18.05808
 1312.00   17.88881
 1313.00   18.07701
 1314.00   18.08573
 1315.00   18.01178
 1316.00   17.96577
 1317.00   17.95588
 1318.00   18.08078
 1319.00   18.00940
 1320.00   18.01610
 1321.00   18.11233
 1322.00   18.10539
 1323.00   18.00794
 1324.00   17.96217
 1325.00   18.02057
 1326.00   17.97014
 1327.00   17.94641
 1328.00   17.88444
 1329.00   17.90681
 1330.00   18.00996
 1331.00   17.91564
 1332.00   17.92002
 1333.00   17.82223
 1334.00   17.84131
 1335.00   17.88019
 1336.00   17.93684
 1337.00   17.75518
 1338.00   17.82546
 1339.00   17.86833
 1340.00   17.71236
 1341.00   17.71156
 1342.00   17.78334
 1343.00   17.77021
 1344.00   17.75984
 1345.00   17.64934
 1346.00   17.83439
 1347.00   17.80536
 1348.00   17.70872
 1349.00   17.77103
 1350.00   17.74589
 1351.00   17.64701
 1352.00   17.75066
 1353.00   17.81799
 1354.00   17.66830
 1355.00   17.90948
 1356.00   17.80512
 1357.00   17.73612
 1358.00   17.92925
 1359.00   17.98137
 1360.00   17.80962
 1361.00   17.98588
 1362.00   18.05573
 1363.00   17.88910
 1364.00   17.83240
 1365.00   17.83306
 1366.00   17.89975
 1367.00   17.78285
 1368.00   17.79849
 1369.00   17.85638
 1370.00   17.71360
 1371.00   17.77625
 1372.00   17.78886
 1373.00   17.76224
 1374.00   17.82346
 1375.00   17.72457
 1376.00   17.88496
 1377.00   17.80691
 1378.00   17.77517
 1379.00   17.89148
 1380.00   17.95543
 1381.00   17.82788
 1382.00   17.79461
 1383.00   17.79555
 1384.00   17.82322
 1385.00   17.75910
 1386.00   17.74334
 1387.00   17.82203
 1388.00   17.76867
 1389.00   17.82218
 1390.00   17.85550
 1391.00   17.83313
 1392.00   17.79836
 1393.00   17.88580
 1394.00   17.81628
 1395.00   17.82571
 1396.00   17.93562
 1397.00   17.73432
 1398.00   17.76841
 1399.00   17.84337
 1400.00   17.86717
 1401.00   17.85473
 1402.00   17.78547
 1403.00   17.82363
 1404.00   17.82306
 1405.00   17.70426
 1406.00   17.89295
 1407.00   17.83010
 1408.00   17.75620
 1409.00   17.81078
 1410.00   17.77281
 1411.00   17.70178
 1412.00   17.67653
 1413.00   17.63511
 1414.00   17.75684
 1415.00   17.65960
 1416.00   17.70835
 1417.00   17.77410
 1418.00   17.73210
 1419.00   17.67008
 1420.00   17.87429
 1421.00   17.90959
 1422.00   17.91947
 1423.00   17.81395
 1424.00   17.89491
 1425.00   17.86289
 1426.00   17.78442
 1427.00   17.80865
 1428.00   17.86034
 1429.00   17.71054
 1430.00   17.88108
 1431.00   17.94681
 1432.00   17.78977
 1433.00   17.68785
 1434.00   17.77244
 1435.00   17.85563
 1436.00   17.83412
 1437.00   17.78570
 1438.00   17.91649
 1439.00   17.95630
 1440.00   18.00795
 1441.00   17.85108
 1442.00   18.05426
 1443.00   18.05486
 1444.00   17.98122
 1445.00   18.11879
 1446.00   18.09013
 1447.00   18.01323
 1448.00   18.02401
 1449.00   18.02854
 1450.00   17.92417
 1451.00   17.85838
 1452.00   17.88847
 1453.00   17.95833
 1454.00   17.88057
 1455.00   17.93021
 1456.00   17.96621
 1457.00   17.79911
 1458.00   17.82965
 1459.00   17.91364
 1460.00   17.89014
 1461.00   17.84225
 1462.00   17.93294
 1463.00   17.74732
 1464.00   17.81782
 1465.00   17.92066
 1466.00   17.87305
 1467.00   17.81127
 1468.00   17.98523
 1469.00   17.91300
 1470.00   17.88709
 1471.00   18.01223
 1472.00   18.08333
 1473.00   18.00641
 1474.00   17.92952
 1475.00   17.89805
 1476.00   17.81147
 1477.00   17.99480
 1478.00   17.96183
 1479.00   17.91690
 1480.00   18.02267
 1481.00   17.99519
 1482.00   17.89307
 1483.00   18.09795
 1484.00   18.02597
 1485.00   18.00545
 1486.00   18.14055
 1487.00   18.06002
 1488.00   18.11488
 1489.00   18.20697
 1490.00   18.18307
 1491.00   18.11484
 1492.00   18.06032
 1493.00   17.98617
 1494.00   17.96015
 1495.00   18.12001
 1496.00   18.01201
 1497.00   17.98505
