    1.00    0.00000
    2.00    0.19952
    3.00    0.19592
    4.00    0.20567
    5.00    0.38789
    6.00    0.37319
    7.00    0.07926
    8.00    0.57036
    9.00    0.55474
   10.00    0.20833
   11.00    0.75434
   12.00    0.73248
   13.00    0.38245
   14.00    0.93121
   15.00    0.91795
   16.00    0.56340
   17.00    1.10665
   18.00    1.09369
   19.00    0.73932
   20.00    1.28033
   21.00    1.26993
   22.00    0.91632
   23.00    1.45169
   24.00    1.44262
   25.00    1.09301
   26.00    1.62588
   27.00    1.61630
   28.00    1.26756
   29.00    1.79809
   30.00    1.79047
   31.00    1.44284
   32.00    1.96932
   33.00    1.96306
   34.00    1.61815
   35.00    1.83184
   36.00    1.83281
   37.00    2.11085
   38.00    2.27587
   39.00    2.27266
   40.00    1.92855
   41.00    2.13668
   42.00    2.16632
   43.00    2.42121
   44.00    2.26861
   45.00    2.29970
   46.00    2.56323
   47.00    2.40501
   48.00    2.43661
   49.00    2.70630
   50.00    2.86920
   51.00    2.86710
   52.00    2.52271
   53.00    2.71608
   54.00    2.74301
   55.00    3.02115
   56.00    3.18421
   57.00    3.18412
   58.00    2.84263
   59.00    3.02595
   60.00    3.05306
   61.00    3.33851
   62.00    3.50204
   63.00    3.50093
   64.00    3.15894
   65.00    3.33743
   66.00    3.33975
   67.00    3.65878
   68.00    3.48971
   69.00    3.49081
   70.00    3.81042
   71.00    3.97523
   72.00    3.94672
   73.00    3.63263
   74.00    4.13468
   75.00    4.11031
   76.00    3.80128
   77.00    4.29708
   78.00    4.29054
   79.00    3.96150
   80.00    4.13319
   81.00    4.13488
   82.00    4.45793
   83.00    4.61756
   84.00    4.59426
   85.00    4.28266
   86.00    4.45198
   87.00    4.45209
   88.00    4.77704
   89.00    4.93508
   90.00    4.91532
   91.00    4.60080
   92.00    5.09221
   93.00    5.08985
   94.00    4.76255
   95.00    5.25186
   96.00    5.24722
   97.00    4.91921
   98.00    5.40916
   99.00    5.38873
  100.00    5.08254
  101.00    5.56681
  102.00    5.54727
  103.00    5.24146
  104.00    5.72532
  105.00    5.70621
  106.00    5.39832
  107.00    5.56595
  108.00    5.58087
  109.00    5.89107
  110.00    6.04942
  111.00    6.03356
  112.00    5.71931
  113.00    6.20797
  114.00    6.19083
  115.00    5.87950
  116.00    6.36898
  117.00    6.35279
  118.00    6.03837
  119.00    6.53139
  120.00    6.51586
  121.00    6.19900
  122.00    6.69462
  123.00    6.68049
  124.00    6.36184
  125.00    6.85832
  126.00    6.84373
  127.00    6.52558
  128.00    7.02190
  129.00    7.00765
  130.00    6.68873
  131.00    7.18567
  132.00    7.17244
  133.00    6.85193
  134.00    7.34867
  135.00    7.33601
  136.00    7.01642
  137.00    7.18993
  138.00    7.20263
  139.00    7.51342
  140.00    7.67573
  141.00    7.66544
  142.00    7.34270
  143.00    7.51606
  144.00    7.52723
  145.00    7.84018
  146.00    8.00062
  147.00    7.99065
  148.00    7.66918
  149.00    8.16068
  150.00    8.15095
  151.00    7.83228
  152.00    8.00110
  153.00    8.01203
  154.00    8.32484
  155.00    8.48519
  156.00    8.47690
  157.00    8.15662
  158.00    8.32448
  159.00    8.33368
  160.00    8.65015
  161.00    8.81023
  162.00    8.81098
  163.00    8.48263
  164.00    8.64765
  165.00    8.65824
  166.00    8.97582
  167.00    8.81001
  168.00    8.82239
  169.00    9.13880
  170.00    8.96996
  171.00    8.97879
  172.00    9.30030
  173.00    9.13107
  174.00    9.14566
  175.00    9.46158
  176.00    9.62377
  177.00    9.62246
  178.00    9.29169
  179.00    9.78480
  180.00    9.78507
  181.00    9.45912
  182.00    9.94191
  183.00    9.94132
  184.00    9.62180
  185.00    9.77620
  186.00    9.78278
  187.00   10.10758
  188.00    9.93966
  189.00    9.94614
  190.00   10.26931
  191.00   10.42899
  192.00   10.42912
  193.00   10.10243
  194.00   10.26411
  195.00   10.27451
  196.00   10.59251
  197.00   10.42361
  198.00   10.43570
  199.00   10.75180
  200.00   10.91318
  201.00   10.91169
  202.00   10.58877
  203.00   11.07165
  204.00   11.05610
  205.00   10.75564
  206.00   11.22923
  207.00   11.22695
  208.00   10.91116
  209.00   11.38381
  210.00   11.38010
  211.00   11.06598
  212.00   11.21622
  213.00   11.21740
  214.00   11.54231
  215.00   11.70073
  216.00   11.68656
  217.00   11.38119
  218.00   11.54026
  219.00   11.54677
  220.00   11.86197
  221.00   12.02150
  222.00   12.01812
  223.00   11.69617
  224.00   12.17729
  225.00   12.17540
  226.00   11.85889
  227.00   12.33151
  228.00   12.32115
  229.00   12.01514
  230.00   12.48277
  231.00   12.47619
  232.00   12.16873
  233.00   12.63343
  234.00   12.62791
  235.00   12.32044
  236.00   12.78767
  237.00   12.78120
  238.00   12.47225
  239.00   12.62335
  240.00   12.62778
  241.00   12.95304
  242.00   13.11252
  243.00   13.11160
  244.00   12.79448
  245.00   12.94765
  246.00   12.95176
  247.00   13.27724
  248.00   13.43690
  249.00   13.43679
  250.00   13.11880
  251.00   13.59389
  252.00   13.59421
  253.00   13.27797
  254.00   13.74999
  255.00   13.75308
  256.00   13.43401
  257.00   13.59057
  258.00   13.59193
  259.00   13.92035
  260.00   14.07739
  261.00   14.07814
  262.00   13.76161
  263.00   14.22907
  264.00   14.21883
  265.00   13.92202
  266.00   14.38550
  267.00   14.37207
  268.00   14.07397
  269.00   14.54494
  270.00   14.54331
  271.00   14.23355
  272.00   14.69942
  273.00   14.68591
  274.00   14.38927
  275.00   14.54128
  276.00   14.55344
  277.00   14.86924
  278.00   14.71638
  279.00   14.70681
  280.00   15.02861
  281.00   15.18031
  282.00   15.16402
  283.00   14.88121
  284.00   15.33032
  285.00   15.31401
  286.00   15.03736
  287.00   15.47905
  288.00   15.46093
  289.00   15.18590
  290.00   15.62759
  291.00   15.61131
  292.00   15.33494
  293.00   15.46676
  294.00   15.47180
  295.00   15.79407
  296.00   15.94156
  297.00   15.92584
  298.00   15.64815
  299.00   16.09119
  300.00   16.07375
  301.00   15.79653
  302.00   16.23950
  303.00   16.22317
  304.00   15.94773
  305.00   16.09159
  306.00   16.08164
  307.00   16.40112
  308.00   16.54957
  309.00   16.54955
  310.00   16.25701
  311.00   16.40122
  312.00   16.40739
  313.00   16.70717
  314.00   16.55160
  315.00   16.54269
  316.00   16.86616
  317.00   17.01346
  318.00   17.01372
  319.00   16.71863
  320.00   17.15455
  321.00   17.13972
  322.00   16.87029
  323.00   17.06578
  324.00   17.05680
  325.00   17.26673
  326.00   17.39355
  327.00   17.36025
  328.00   17.15875
  329.00   17.51063
  330.00   17.46858
  331.00   17.29194
  332.00   17.62767
  333.00   17.58852
  334.00   17.40733
  335.00   17.74827
  336.00   17.72629
  337.00   17.52256
  338.00   17.65683
  339.00   17.62830
  340.00   17.85782
  341.00   17.97782
  342.00   17.95549
  343.00   17.74947
  344.00   18.09705
  345.00   18.06644
  346.00   17.87327
  347.00   18.00183
  348.00   17.98932
  349.00   18.20532
  350.00   18.11388
  351.00   18.12622
  352.00   18.28463
  353.00   18.35222
  354.00   18.37102
  355.00   18.18262
  356.00   18.45004
  357.00   18.45667
  358.00   18.27619
  359.00   18.39170
  360.00   18.39167
  361.00   18.54760
  362.00   18.56316
  363.00   18.58368
  364.00   18.53087
  365.00   18.56474
  366.00   18.59645
  367.00   18.61728
  368.00   18.61330
  369.00   18.61649
  370.00   18.59535
  371.00   18.63514
  372.00   18.60127
  373.00   18.62480
  374.00   18.65470
  375.00   18.61337
  376.00   18.63561
  377.00   18.61499
  378.00   18.60716
  379.00   18.64880
  380.00   18.59657
  381.00   18.56214
  382.00   18.61852
  383.00   18.56555
  384.00   18.57822
  385.00   18.63795
  386.00   18.60843
  387.00   18.63255
  388.00   18.56152
  389.00   18.52946
  390.00   18.55034
  391.00   18.60596
  392.00   18.42673
  393.00   18.43721
  394.00   18.61834
  395.00   18.61365
  396.00   18.66575
  397.00   18.62367
  398.00   18.57742
  399.00   18.61028
  400.00   18.68170
  401.00   18.63250
  402.00   18.63513
  403.00   18.60729
  404.00   18.58175
  405.00   18.64654
  406.00   18.64424
  407.00   18.54338
  408.00   18.53465
  409.00   18.74286
  410.00   18.72666
  411.00   18.72157
  412.00   18.76172
  413.00   18.69919
  414.00   18.76366
  415.00   18.76129
  416.00   18.72974
  417.00   18.76273
  418.00   18.79753
  419.00   18.74641
  420.00   18.80516
  421.00   18.79609
  422.00   18.78379
  423.00   18.78037
  424.00   18.82350
  425.00   18.80421
  426.00   18.81891
  427.00   18.78640
  428.00   18.79655
  429.00   18.82341
  430.00   18.70625
  431.00   18.73361
  432.00   18.82004
  433.00   18.81997
  434.00   18.76947
  435.00   18.81740
  436.00   18.82023
  437.00   18.80705
  438.00   18.88018
  439.00   18.75775
  440.00   18.87802
  441.00   18.89410
  442.00   18.86928
  443.00   18.79561
  444.00   18.87081
  445.00   18.87459
  446.00   18.92400
  447.00   18.93396
  448.00   18.81967
  449.00   18.91802
  450.00   18.94739
  451.00   18.90090
  452.00   18.90931
  453.00   18.99436
  454.00   18.93355
  455.00   18.97023
  456.00   18.99968
  457.00   19.03060
  458.00   19.02151
  459.00   19.04476
  460.00   19.03787
  461.00   19.01864
  462.00   19.00623
  463.00   19.06688
  464.00   19.04546
  465.00   19.04970
  466.00   19.06201
  467.00   18.97283
  468.00   19.04888
  469.00   19.06772
  470.00   19.04283
  471.00   18.99298
  472.00   19.05324
  473.00   19.07315
  474.00   19.09455
  475.00   18.99951
  476.00   19.09165
  477.00   19.10931
  478.00   19.03317
  479.00   19.09574
  480.00   19.16430
  481.00   19.07922
  482.00   19.10934
  483.00   19.19579
  484.00   19.13347
  485.00   19.08090
  486.00   19.10255
  487.00   19.16050
  488.00   19.11698
  489.00   19.15916
  490.00   19.17566
  491.00   19.06031
  492.00   19.10499
  493.00   19.12379
  494.00   19.12622
  495.00   19.11965
  496.00   19.11499
  497.00   19.10622
  498.00   19.09844
  499.00   19.17309
  500.00   19.14087
  501.00   19.15092
  502.00   19.21475
  503.00   19.11534
  504.00   19.10934
  505.00   19.15055
  506.00   19.08789
  507.00   19.19437
  508.00   19.14155
  509.00   19.18228
  510.00   19.15966
  511.00   19.20112
  512.00   19.16449
  513.00   19.20121
  514.00   19.22655
  515.00   19.18537
  516.00   19.21880
  517.00   19.17649
  518.00   19.18533
  519.00   19.17694
  520.00   19.18831
  521.00   19.14457
  522.00   19.17915
  523.00   19.18833
  524.00   19.14390
  525.00   19.17872
  526.00   19.18225
  527.00   19.10807
  528.00   19.11707
  529.00   19.12750
  530.00   19.10908
  531.00   19.09287
  532.00   19.10438
  533.00   19.07715
  534.00   19.08940
  535.00   19.11874
  536.00   19.08794
  537.00   19.10946
  538.00   19.10380
  539.00   19.09149
  540.00   19.10817
  541.00   19.10836
  542.00   19.10398
  543.00   19.09419
  544.00   19.10077
  545.00   19.10387
  546.00   19.10361
  547.00   19.12259
  548.00   19.06930
  549.00   19.12756
  550.00   19.12168
  551.00   19.08684
  552.00   19.14632
  553.00   19.14482
  554.00   19.12795
  555.00   19.17789
  556.00   19.17236
  557.00   19.14904
  558.00   19.21268
  559.00   19.20910
  560.00   19.22428
  561.00   19.18926
  562.00   19.23778
  563.00   19.27720
  564.00   19.23328
  565.00   19.25784
  566.00   19.21270
  567.00   19.31590
  568.00   19.26935
  569.00   19.22672
  570.00   19.21675
  571.00   19.21584
  572.00   19.19097
  573.00   19.24080
  574.00   19.25774
  575.00   19.20763
  576.00   19.15638
  577.00   19.20284
  578.00   19.18674
  579.00   19.23359
  580.00   19.25045
  581.00   19.22281
  582.00   19.21042
  583.00   19.25735
  584.00   19.20381
  585.00   19.22079
  586.00   19.27891
  587.00   19.14855
  588.00   19.21747
  589.00   19.24795
  590.00   19.19747
  591.00   19.27928
  592.00   19.27475
  593.00   19.25485
  594.00   19.34076
  595.00   19.27695
  596.00   19.25819
  597.00   19.27777
  598.00   19.28814
  599.00   19.23650
  600.00   19.30260
  601.00   19.33921
  602.00   19.27705
  603.00   19.36629
  604.00   19.42211
  605.00   19.35744
  606.00   19.43231
  607.00   19.48951
  608.00   19.49115
  609.00   19.45874
  610.00   19.48185
  611.00   19.47683
  612.00   19.51247
  613.00   19.50885
  614.00   19.49009
  615.00   19.52610
  616.00   19.53092
  617.00   19.47353
  618.00   19.51942
  619.00   19.53395
  620.00   19.45717
  621.00   19.52005
  622.00   19.49587
  623.00   19.50498
  624.00   19.50703
  625.00   19.48791
  626.00   19.44379
  627.00   19.51451
  628.00   19.54336
  629.00   19.55628
  630.00   19.54450
  631.00   19.54887
  632.00   19.53411
  633.00   19.60957
  634.00   19.54099
  635.00   19.49013
  636.00   19.54205
  637.00   19.54426
  638.00   19.53941
  639.00   19.58133
  640.00   19.47792
  641.00   19.59601
  642.00   19.62605
  643.00   19.55613
  644.00   19.62625
  645.00   19.63907
  646.00   19.60695
  647.00   19.65355
  648.00   19.61239
  649.00   19.60594
  650.00   19.64969
  651.00   19.66858
  652.00   19.61410
  653.00   19.65471
  654.00   19.68763
  655.00   19.61566
  656.00   19.64045
  657.00   19.61930
  658.00   19.59362
  659.00   19.61157
  660.00   19.70668
  661.00   19.63666
  662.00   19.68494
  663.00   19.78226
  664.00   19.72073
  665.00   19.69508
  666.00   19.66503
  667.00   19.68076
  668.00   19.66456
  669.00   19.69619
  670.00   19.70975
  671.00   19.65690
  672.00   19.71447
  673.00   19.70031
  674.00   19.65905
  675.00   19.72459
  676.00   19.71698
  677.00   19.72653
  678.00   19.72270
  679.00   19.70735
  680.00   19.77992
  681.00   19.70673
  682.00   19.71485
  683.00   19.77739
  684.00   19.78345
  685.00   19.78349
  686.00   19.78231
  687.00   19.81415
  688.00   19.82512
  689.00   19.82110
  690.00   19.86260
  691.00   19.82589
  692.00   19.81404
  693.00   19.84955
  694.00   19.80206
  695.00   19.76851
  696.00   19.84693
  697.00   19.81619
  698.00   19.75050
  699.00   19.79925
  700.00   19.77270
  701.00   19.69294
  702.00   19.79042
  703.00   19.76491
  704.00   19.62082
  705.00   19.73333
  706.00   19.68760
  707.00   19.62587
  708.00   19.62032
  709.00   19.61096
  710.00   19.58091
  711.00   19.68406
  712.00   19.59313
  713.00   19.51849
  714.00   19.64271
  715.00   19.57911
  716.00   19.53657
  717.00   19.62950
  718.00   19.59083
  719.00   19.57760
  720.00   19.61978
  721.00   19.56013
  722.00   19.54504
  723.00   19.64504
  724.00   19.56036
  725.00   19.51746
  726.00   19.62684
  727.00   19.52264
  728.00   19.53107
  729.00   19.53263
  730.00   19.50770
  731.00   19.54247
  732.00   19.55769
  733.00   19.53326
  734.00   19.53545
  735.00   19.52463
  736.00   19.52437
  737.00   19.52751
  738.00   19.55310
  739.00   19.55370
  740.00   19.51448
  741.00   19.56782
  742.00   19.55045
  743.00   19.49617
  744.00   19.54694
  745.00   19.50111
  746.00   19.49185
  747.00   19.53808
  748.00   19.47296
  749.00   19.52135
  750.00   19.52510
  751.00   19.53533
  752.00   19.53445
  753.00   19.54740
  754.00   19.48624
  755.00   19.49793
  756.00   19.52143
  757.00   19.53608
  758.00   19.51176
  759.00   19.59994
  760.00   19.53112
  761.00   19.50515
  762.00   19.55616
  763.00   19.49774
  764.00   19.54323
  765.00   19.52289
  766.00   19.46611
  767.00   19.49930
  768.00   19.63303
  769.00   19.54971
  770.00   19.54333
  771.00   19.57048
  772.00   19.58907
  773.00   19.56648
  774.00   19.59242
  775.00   19.61553
  776.00   19.59801
  777.00   19.62097
  778.00   19.61639
  779.00   19.62505
  780.00   19.62767
  781.00   19.63681
  782.00   19.60885
  783.00   19.67808
  784.00   19.61652
  785.00   19.61253
  786.00   19.61848
  787.00   19.62880
  788.00   19.58970
  789.00   19.70050
  790.00   19.68028
  791.00   19.50620
  792.00   19.60651
  793.00   19.65155
  794.00   19.57263
  795.00   19.65471
  796.00   19.66131
  797.00   19.49592
  798.00   19.58484
  799.00   19.58469
  800.00   19.45102
  801.00   19.50248
  802.00   19.51486
  803.00   19.50266
  804.00   19.50628
  805.00   19.54861
  806.00   19.47126
  807.00   19.51062
  808.00   19.52759
  809.00   19.47949
  810.00   19.47749
  811.00   19.54904
  812.00   19.45617
  813.00   19.47330
  814.00   19.53703
  815.00   19.47064
  816.00   19.53229
  817.00   19.54289
  818.00   19.42295
  819.00   19.45323
  820.00   19.48670
  821.00   19.39306
  822.00   19.44933
  823.00   19.50014
  824.00   19.43557
  825.00   19.46952
  826.00   19.50384
  827.00   19.40472
  828.00   19.44958
  829.00   19.44676
  830.00   19.34431
  831.00   19.39923
  832.00   19.40741
  833.00   19.28506
  834.00   19.35595
  835.00   19.37478
  836.00   19.24623
  837.00   19.28863
  838.00   19.34392
  839.00   19.35213
  840.00   19.36722
  841.00   19.32690
  842.00   19.27703
  843.00   19.34596
  844.00   19.39179
  845.00   19.19234
  846.00   19.24694
  847.00   19.31534
  848.00   19.12289
  849.00   19.20280
  850.00   19.24086
  851.00   19.05348
  852.00   19.06219
  853.00   19.16856
  854.00   18.98119
  855.00   19.01207
  856.00   19.10744
  857.00   19.17210
  858.00   19.15957
  859.00   19.02182
  860.00   19.10768
  861.00   19.12536
  862.00   19.20876
  863.00   19.15457
  864.00   19.14404
  865.00   19.06295
  866.00   19.11116
  867.00   19.10771
  868.00   19.17726
  869.00   19.05138
  870.00   19.07491
  871.00   19.16315
  872.00   18.98848
  873.00   19.05761
  874.00   19.10109
  875.00   18.92937
  876.00   18.94741
  877.00   19.07871
  878.00   19.15060
  879.00   19.14664
  880.00   19.01246
  881.00   19.18773
  882.00   19.22115
  883.00   19.10431
  884.00   19.12302
  885.00   19.16808
  886.00   19.04461
  887.00   19.10009
  888.00   19.11134
  889.00   18.98712
  890.00   19.03737
  891.00   19.09415
  892.00   19.15927
  893.00   19.00022
  894.00   19.05843
  895.00   19.13864
  896.00   19.15144
  897.00   19.20600
  898.00   19.07582
  899.00   19.10094
  900.00   19.16306
  901.00   19.02307
  902.00   19.11137
  903.00   19.16769
  904.00   19.02996
  905.00   19.11400
  906.00   19.14043
  907.00   19.20963
  908.00   19.14370
  909.00   19.19732
  910.00   19.25220
  911.00   19.24765
  912.00   19.36997
  913.00   19.27018
  914.00   19.21481
  915.00   19.26778
  916.00   19.29246
  917.00   19.20134
  918.00   19.28117
  919.00   19.32604
  920.00   19.31511
  921.00   19.33803
  922.00   19.28030
  923.00   19.30482
  924.00   19.35591
  925.00   19.28807
  926.00   19.31904
  927.00   19.40841
  928.00   19.34830
  929.00   19.36773
  930.00   19.40902
  931.00   19.30195
  932.00   19.29869
  933.00   19.32120
  934.00   19.27960
  935.00   19.23305
  936.00   19.24562
  937.00   19.29531
  938.00   19.24272
  939.00   19.28469
  940.00   19.18157
  941.00   19.21707
  942.00   19.18888
  943.00   19.15883
  944.00   19.16954
  945.00   19.17581
  946.00   19.26592
  947.00   19.21922
  948.00   19.25396
  949.00   19.10227
  950.00   19.24184
  951.00   19.31873
  952.00   19.23825
  953.00   19.21148
  954.00   19.28379
  955.00   19.29965
  956.00   19.31594
  957.00   19.27950
  958.00   19.28132
  959.00   19.29088
  960.00   19.32363
  961.00   19.27538
  962.00   19.30474
  963.00   19.33863
  964.00   19.26769
  965.00   19.22272
  966.00   19.26638
  967.00   19.33392
  968.00   19.26979
  969.00   19.37141
  970.00   19.37754
  971.00   19.25941
  972.00   19.30558
  973.00   19.26583
  974.00   19.23577
  975.00   19.31209
  976.00   19.32223
  977.00   19.19231
  978.00   19.34514
  979.00   19.34674
  980.00   19.24186
  981.00   19.22238
  982.00   19.13873
  983.00   19.24737
  984.00   19.26166
  985.00   19.29147
  986.00   19.21910
  987.00   19.22488
  988.00   19.30421
  989.00   19.13715
  990.00   19.21094
  991.00   19.27994
  992.00   19.18858
  993.00   19.18997
  994.00   19.04628
  995.00   19.00897
  996.00   18.99590
  997.00   19.08522
  998.00   18.96248
  999.00   18.97784
 1000.00   19.06836
 1001.00   18.89514
 1002.00   18.94618
 1003.00   19.02221
 1004.00   18.96260
 1005.00   19.04493
 1006.00   18.87248
 1007.00   18.85651
 1008.00   18.94655
 1009.00   18.99845
 1010.00   18.91967
 1011.00   18.93220
 1012.00   18.80960
 1013.00   18.85540
 1014.00   18.94650
 1015.00   18.94891
 1016.00   18.87492
 1017.00   18.91033
 1018.00   18.79546
 1019.00   18.73363
 1020.00   18.78150
 1021.00   18.84683
 1022.00   18.68576
 1023.00   18.70086
 1024.00   18.81812
 1025.00   18.64355
 1026.00   18.61577
 1027.00   18.75929
 1028.00   18.56962
 1029.00   18.62519
 1030.00   18.70756
 1031.00   18.50114
 1032.00   18.54855
 1033.00   18.62800
 1034.00   18.69123
 1035.00   18.69164
 1036.00   18.59717
 1037.00   18.73314
 1038.00   18.76026
 1039.00   18.59731
 1040.00   18.77068
 1041.00   18.80683
 1042.00   18.65191
 1043.00   18.81113
 1044.00   18.83139
 1045.00   18.67754
 1046.00   18.75528
 1047.00   18.74599
 1048.00   18.83852
 1049.00   18.67908
 1050.00   18.73593
 1051.00   18.76895
 1052.00   18.72999
 1053.00   18.74577
 1054.00   18.61049
 1055.00   18.70235
 1056.00   18.68516
 1057.00   18.54007
 1058.00   18.62088
 1059.00   18.66712
 1060.00   18.74113
 1061.00   18.68007
 1062.00   18.69507
 1063.00   18.54815
 1064.00   18.51350
 1065.00   18.48367
 1066.00   18.60556
 1067.00   18.49065
 1068.00   18.47550
 1069.00   18.58649
 1070.00   18.47013
 1071.00   18.43727
 1072.00   18.55310
 1073.00   18.52078
 1074.00   18.55903
 1075.00   18.41980
 1076.00   18.42733
 1077.00   18.53508
 1078.00   18.58742
 1079.00   18.46882
 1080.00   18.52374
 1081.00   18.62398
 1082.00   18.48247
 1083.00   18.46537
 1084.00   18.58934
 1085.00   18.41985
 1086.00   18.43599
 1087.00   18.54471
 1088.00   18.38522
 1089.00   18.39842
 1090.00   18.49931
 1091.00   18.47197
 1092.00   18.42564
 1093.00   18.31178
 1094.00   18.35673
 1095.00   18.40025
 1096.00   18.48645
 1097.00   18.44188
 1098.00   18.44635
 1099.00   18.30247
 1100.00   18.48509
 1101.00   18.56391
 1102.00   18.38376
 1103.00   18.49188
 1104.00   18.55525
 1105.00   18.61528
 1106.00   18.52449
 1107.00   18.55545
 1108.00   18.43428
 1109.00   18.34859
 1110.00   18.41508
 1111.00   18.51071
 1112.00   18.39062
 1113.00   18.51857
 1114.00   18.55805
 1115.00   18.45850
 1116.00   18.50103
 1117.00   18.57805
 1118.00   18.36853
 1119.00   18.44748
 1120.00   18.49148
 1121.00   18.26866
 1122.00   18.35666
 1123.00   18.44292
 1124.00   18.32516
 1125.00   18.39566
 1126.00   18.49342
 1127.00   18.23262
 1128.00   18.31732
 1129.00   18.37147
 1130.00   18.19617
 1131.00   18.19698
 1132.00   18.28575
 1133.00   18.15606
 1134.00   18.16517
 1135.00   18.28617
 1136.00   18.08308
 1137.00   18.10301
 1138.00   18.24498
 1139.00   18.32522
 1140.00   18.33761
 1141.00   18.16524
 1142.00   18.23775
 1143.00   18.30922
 1144.00   18.38986
 1145.00   18.28755
 1146.00   18.37152
 1147.00   18.42252
 1148.00   18.46753
 1149.00   18.54536
 1150.00   18.35693
 1151.00   18.48259
 1152.00   18.51763
 1153.00   18.58707
 1154.00   18.64059
 1155.00   18.69597
 1156.00   18.52550
 1157.00   18.58813
 1158.00   18.69468
 1159.00   18.72968
 1160.00   18.61675
 1161.00   18.72701
 1162.00   18.78485
 1163.00   18.63564
 1164.00   18.70651
 1165.00   18.77512
 1166.00   18.66028
 1167.00   18.75898
 1168.00   18.53836
 1169.00   18.40694
 1170.00   18.54864
 1171.00   18.58622
 1172.00   18.28528
 1173.00   18.41331
 1174.00   18.45089
 1175.00   18.32033
 1176.00   18.39175
 1177.00   18.17463
 1178.00   18.43876
 1179.00   18.49652
 1180.00   18.26688
 1181.00   18.55098
 1182.00   18.60588
 1183.00   18.42746
 1184.00   18.47238
 1185.00   18.49869
 1186.00   18.59740
 1187.00   18.51103
 1188.00   18.55076
 1189.00   18.66058
 1190.00   18.60958
 1191.00   18.59164
 1192.00   18.44294
 1193.00   18.65387
 1194.00   18.72004
 1195.00   18.53409
 1196.00   18.73516
 1197.00   18.73218
 1198.00   18.58946
 1199.00   18.78689
 1200.00   18.81793
 1201.00   18.60876
 1202.00   18.75542
 1203.00   18.74374
 1204.00   18.90488
 1205.00   18.67277
 1206.00   18.70620
 1207.00   18.81876
 1208.00   18.61264
 1209.00   18.64046
 1210.00   18.77871
 1211.00   18.72532
 1212.00   18.69938
 1213.00   18.82736
 1214.00   18.64426
 1215.00   18.67424
 1216.00   18.79080
 1217.00   18.84171
 1218.00   18.90315
 1219.00   18.67489
 1220.00   18.76365
 1221.00   18.76930
 1222.00   18.87763
 1223.00   18.72497
 1224.00   18.69601
 1225.00   18.78561
 1226.00   18.82311
 1227.00   18.79079
 1228.00   18.64856
 1229.00   18.88615
 1230.00   18.90746
 1231.00   18.71932
 1232.00   18.76080
 1233.00   18.82423
 1234.00   18.64044
 1235.00   18.88573
 1236.00   18.91382
 1237.00   18.74251
 1238.00   18.93062
 1239.00   18.99383
 1240.00   18.77572
 1241.00   18.98524
 1242.00   19.03844
 1243.00   18.95293
 1244.00   18.96352
 1245.00   19.05580
 1246.00   18.86876
 1247.00   19.10210
 1248.00   19.08588
 1249.00   19.01295
 1250.00   19.04679
 1251.00   19.11337
 1252.00   19.13487
 1253.00   19.04660
 1254.00   19.11422
 1255.00   19.13987
 1256.00   19.09662
 1257.00   19.06815
 1258.00   19.09508
 1259.00   19.06359
 1260.00   19.09064
 1261.00   19.12622
 1262.00   19.13405
 1263.00   19.09467
 1264.00   19.02438
 1265.00   19.00400
 1266.00   18.98425
 1267.00   18.99626
 1268.00   18.92916
 1269.00   18.99263
 1270.00   19.02873
 1271.00   18.84683
 1272.00   18.88275
 1273.00   18.97133
 1274.00   18.96605
 1275.00   19.05502
 1276.00   18.93452
 1277.00   18.82894
 1278.00   18.91294
 1279.00   18.99186
 1280.00   18.91079
 1281.00   18.92425
 1282.00   18.75610
 1283.00   18.62791
 1284.00   18.74063
 1285.00   18.83621
 1286.00   18.81527
 1287.00   18.82439
 1288.00   18.68263
 1289.00   18.74371
 1290.00   18.77691
 1291.00   18.90060
 1292.00   18.62203
 1293.00   18.74041
 1294.00   18.81724
 1295.00   18.63740
 1296.00   18.71314
 1297.00   18.83784
 1298.00   18.66765
 1299.00   18.74659
 1300.00   18.55570
 1301.00   18.71096
 1302.00   18.78208
 1303.00   18.55230
 1304.00   18.82909
 1305.00   18.88576
 1306.00   18.67266
 1307.00   18.86371
 1308.00   18.92269
 1309.00   18.74396
 1310.00   18.76423
 1311.00   18.83403
 1312.00   18.66528
 1313.00   18.75854
 1314.00   18.79722
 1315.00   18.88983
 1316.00   18.84393
 1317.00   18.86238
 1318.00   18.98667
 1319.00   18.79082
 1320.00   18.78638
 1321.00   18.87280
 1322.00   18.68120
 1323.00   18.77274
 1324.00   18.86153
 1325.00   18.83342
 1326.00   18.85117
 1327.00   18.89795
 1328.00   18.86803
 1329.00   18.94101
 1330.00   18.80491
 1331.00   18.74941
 1332.00   18.74262
 1333.00   18.86972
 1334.00   18.79277
 1335.00   18.84544
 1336.00   18.68371
 1337.00   18.89482
 1338.00   18.86888
 1339.00   18.71756
 1340.00   18.93599
 1341.00   18.98869
 1342.00   18.83638
 1343.00   18.91955
 1344.00   19.00266
 1345.00   18.89211
 1346.00   18.92502
 1347.00   18.94299
 1348.00   18.85942
 1349.00   18.89798
 1350.00   18.87611
 1351.00   18.91786
 1352.00   18.84534
 1353.00   18.88579
 1354.00   18.96058
 1355.00   18.91888
 1356.00   18.92388
 1357.00   18.78837
 1358.00   18.87461
 1359.00   18.90395
 1360.00   18.98470
 1361.00   18.88956
 1362.00   18.96676
 1363.00   18.91310
 1364.00   18.81083
 1365.00   18.90592
 1366.00   18.96200
 1367.00   18.86491
 1368.00   18.86875
 1369.00   18.75757
 1370.00   18.89779
 1371.00   18.93063
 1372.00   18.84914
 1373.00   18.87840
 1374.00   18.85687
 1375.00   18.94950
 1376.00   18.83716
 1377.00   18.84479
 1378.00   18.91200
 1379.00   18.78468
 1380.00   18.78143
 1381.00   18.87016
 1382.00   18.71077
 1383.00   18.75416
 1384.00   18.84377
 1385.00   18.63193
 1386.00   18.67828
 1387.00   18.80293
 1388.00   18.65869
 1389.00   18.70538
 1390.00   18.60187
 1391.00   18.74731
 1392.00   18.76936
 1393.00   18.67137
 1394.00   18.66425
 1395.00   18.71283
 1396.00   18.83299
 1397.00   18.62495
 1398.00   18.61613
 1399.00   18.69897
 1400.00   18.55050
 1401.00   18.57668
 1402.00   18.72091
 1403.00   18.48781
 1404.00   18.49979
 1405.00   18.62132
 1406.00   18.57563
 1407.00   18.56062
 1408.00   18.42209
 1409.00   18.62405
 1410.00   18.63467
 1411.00   18.51356
 1412.00   18.40741
 1413.00   18.46812
 1414.00   18.61637
 1415.00   18.39539
 1416.00   18.43944
 1417.00   18.55911
 1418.00   18.46419
 1419.00   18.53675
 1420.00   18.63641
 1421.00   18.69651
 1422.00   18.67360
 1423.00   18.54816
 1424.00   18.76905
 1425.00   18.75897
 1426.00   18.57048
 1427.00   18.80992
 1428.00   18.81761
 1429.00   18.70217
 1430.00   18.75191
 1431.00   18.74771
 1432.00   18.66203
 1433.00   18.71186
 1434.00   18.67943
 1435.00   18.77873
 1436.00   18.71483
 1437.00   18.73422
 1438.00   18.83697
 1439.00   18.65425
 1440.00   18.65714
 1441.00   18.73714
 1442.00   18.69780
 1443.00   18.66859
 1444.00   18.74661
 1445.00   18.78876
 1446.00   18.76598
 1447.00   18.56988
 1448.00   18.83107
 1449.00   18.85172
 1450.00   18.66608
 1451.00   18.76000
 1452.00   18.81890
 1453.00   18.88011
 1454.00   18.71255
 1455.00   18.71905
 1456.00   18.79079
 1457.00   18.67217
 1458.00   18.66251
 1459.00   18.77593
 1460.00   18.87606
 1461.00   18.81903
 1462.00   18.68881
 1463.00   18.88340
 1464.00   18.94874
 1465.00   18.81096
 1466.00   18.76733
 1467.00   18.76728
 1468.00   18.83628
 1469.00   18.77298
 1470.00   18.84386
 1471.00   18.72554
 1472.00   18.88153
 1473.00   18.91850
 1474.00   18.76824
 1475.00   18.68208
 1476.00   18.72300
 1477.00   18.84074
 1478.00   18.63036
 1479.00   18.61775
 1480.00   18.77911
 1481.00   18.54943
 1482.00   18.60460
 1483.00   18.70031
 1484.00   18.59826
 1485.00   18.61420
 1486.00   18.45012
 1487.00   18.67827
 1488.00   18.68825
 1489.00   18.50238
 1490.00   18.77042
 1491.00   18.75003
 1492.00   18.59492
 1493.00   18.82564
 1494.00   18.82280
 1495.00   18.65597
 1496.00   18.85835
 1497.00   18.85293
