    1.00    0.00000
    2.00    0.18714
    3.00    0.18587
    4.00    0.18903
    5.00    0.35200
    6.00    0.33892
    7.00    0.18079
    8.00    0.53113
    9.00    0.51391
   10.00    0.20264
   11.00    0.71867
   12.00    0.69708
   13.00    0.35087
   14.00    0.90165
   15.00    0.88692
   16.00    0.53003
   17.00    0.76658
   18.00    0.77833
   19.00    1.04415
   20.00    1.21955
   21.00    1.20521
   22.00    0.85906
   23.00    1.07972
   24.00    1.12572
   25.00    1.36436
   26.00    1.20962
   27.00    1.25729
   28.00    1.50745
   29.00    1.67798
   30.00    1.66861
   31.00    1.32754
   32.00    1.52619
   33.00    1.56935
   34.00    1.82643
   35.00    1.66188
   36.00    1.65784
   37.00    1.97443
   38.00    2.13835
   39.00    2.09244
   40.00    1.80091
   41.00    2.26195
   42.00    2.25466
   43.00    1.91945
   44.00    2.10561
   45.00    2.14089
   46.00    2.42029
   47.00    2.25253
   48.00    2.28936
   49.00    2.57244
   50.00    2.40443
   51.00    2.43670
   52.00    2.72812
   53.00    2.90092
   54.00    2.89399
   55.00    2.55334
   56.00    2.73280
   57.00    2.76899
   58.00    3.05723
   59.00    3.22476
   60.00    3.19452
   61.00    2.88170
   62.00    3.39668
   63.00    3.38998
   64.00    3.04703
   65.00    3.22862
   66.00    3.23500
   67.00    3.56093
   68.00    3.72994
   69.00    3.72589
   70.00    3.37946
   71.00    3.90027
   72.00    3.86924
   73.00    3.55232
   74.00    4.07332
   75.00    4.05845
   76.00    3.72316
   77.00    3.90698
   78.00    3.91673
   79.00    4.23921
   80.00    4.06268
   81.00    4.07939
   82.00    4.39877
   83.00    4.57185
   84.00    4.56154
   85.00    4.21150
   86.00    4.40544
   87.00    4.42634
   88.00    4.73236
   89.00    4.90393
   90.00    4.87881
   91.00    4.54818
   92.00    4.71184
   93.00    4.73469
   94.00    5.04194
   95.00    5.21414
   96.00    5.20687
   97.00    4.85570
   98.00    5.37937
   99.00    5.37097
  100.00    5.02893
  101.00    5.54751
  102.00    5.52909
  103.00    5.20568
  104.00    5.71533
  105.00    5.69539
  106.00    5.37405
  107.00    5.88342
  108.00    5.87950
  109.00    5.54558
  110.00    6.05068
  111.00    6.04677
  112.00    5.71248
  113.00    6.21832
  114.00    6.21509
  115.00    5.87892
  116.00    6.38565
  117.00    6.38273
  118.00    6.04751
  119.00    6.55171
  120.00    6.55008
  121.00    6.21993
  122.00    6.71693
  123.00    6.71482
  124.00    6.38483
  125.00    6.87867
  126.00    6.86513
  127.00    6.55168
  128.00    7.04039
  129.00    7.02792
  130.00    6.71424
  131.00    7.20395
  132.00    7.20251
  133.00    6.87462
  134.00    7.36624
  135.00    7.35413
  136.00    7.03503
  137.00    7.52907
  138.00    7.51627
  139.00    7.19772
  140.00    7.69257
  141.00    7.67951
  142.00    7.35939
  143.00    7.85610
  144.00    7.84263
  145.00    7.52307
  146.00    8.02168
  147.00    8.01715
  148.00    7.68641
  149.00    8.18856
  150.00    8.18366
  151.00    7.85077
  152.00    8.02752
  153.00    8.03957
  154.00    8.35435
  155.00    8.51907
  156.00    8.51438
  157.00    8.18084
  158.00    8.68429
  159.00    8.67901
  160.00    8.34865
  161.00    8.84967
  162.00    8.84552
  163.00    8.51657
  164.00    9.01682
  165.00    9.01221
  166.00    8.68034
  167.00    9.18433
  168.00    9.17920
  169.00    8.84755
  170.00    9.35106
  171.00    9.34548
  172.00    9.01469
  173.00    9.51704
  174.00    9.51277
  175.00    9.18094
  176.00    9.68465
  177.00    9.68011
  178.00    9.34848
  179.00    9.85072
  180.00    9.84665
  181.00    9.51603
  182.00   10.01760
  183.00   10.01321
  184.00    9.68078
  185.00   10.18401
  186.00   10.18164
  187.00    9.84940
  188.00   10.02465
  189.00   10.03249
  190.00   10.34729
  191.00   10.18431
  192.00   10.19394
  193.00   10.50960
  194.00   10.35374
  195.00   10.36459
  196.00   10.67327
  197.00   10.51427
  198.00   10.52481
  199.00   10.83833
  200.00   10.67560
  201.00   10.68055
  202.00   11.00105
  203.00   11.17413
  204.00   11.17469
  205.00   10.82727
  206.00   11.01151
  207.00   11.02242
  208.00   11.33656
  209.00   11.50317
  210.00   11.50351
  211.00   11.16336
  212.00   11.66972
  213.00   11.66799
  214.00   11.32959
  215.00   11.82927
  216.00   11.82009
  217.00   11.49729
  218.00   11.98695
  219.00   11.97863
  220.00   11.66115
  221.00   12.14527
  222.00   12.13641
  223.00   11.82195
  224.00   12.30475
  225.00   12.30180
  226.00   11.97858
  227.00   12.14228
  228.00   12.14957
  229.00   12.46938
  230.00   12.63150
  231.00   12.62879
  232.00   12.30083
  233.00   12.46702
  234.00   12.47184
  235.00   12.79559
  236.00   12.95694
  237.00   12.95569
  238.00   12.62878
  239.00   13.11338
  240.00   13.11050
  241.00   12.79060
  242.00   12.94813
  243.00   12.95356
  244.00   13.27686
  245.00   13.43740
  246.00   13.42860
  247.00   13.11205
  248.00   13.59424
  249.00   13.59193
  250.00   13.27294
  251.00   13.42804
  252.00   13.43815
  253.00   13.75555
  254.00   13.59125
  255.00   13.59741
  256.00   13.92135
  257.00   14.08238
  258.00   14.07376
  259.00   13.75065
  260.00   14.24174
  261.00   14.23899
  262.00   13.91973
  263.00   14.39397
  264.00   14.39154
  265.00   14.07597
  266.00   14.22513
  267.00   14.23179
  268.00   14.55508
  269.00   14.71119
  270.00   14.69062
  271.00   14.40194
  272.00   14.54558
  273.00   14.55284
  274.00   14.87448
  275.00   15.03067
  276.00   15.00921
  277.00   14.71707
  278.00   15.18041
  279.00   15.15962
  280.00   14.87910
  281.00   15.32928
  282.00   15.30948
  283.00   15.03021
  284.00   15.17885
  285.00   15.18688
  286.00   15.48582
  287.00   15.63992
  288.00   15.62255
  289.00   15.33144
  290.00   15.48720
  291.00   15.47895
  292.00   15.79549
  293.00   15.95133
  294.00   15.93773
  295.00   15.63869
  296.00   16.10030
  297.00   16.09747
  298.00   15.80043
  299.00   16.24952
  300.00   16.24852
  301.00   15.94988
  302.00   16.39936
  303.00   16.37883
  304.00   16.10039
  305.00   16.54923
  306.00   16.52805
  307.00   16.25388
  308.00   16.40691
  309.00   16.41204
  310.00   16.70040
  311.00   16.85650
  312.00   16.84833
  313.00   16.54800
  314.00   16.70908
  315.00   16.70109
  316.00   17.01038
  317.00   16.86405
  318.00   16.86606
  319.00   17.16560
  320.00   17.01931
  321.00   17.01554
  322.00   17.31648
  323.00   17.45088
  324.00   17.42682
  325.00   17.20472
  326.00   17.58352
  327.00   17.55967
  328.00   17.32861
  329.00   17.70197
  330.00   17.64650
  331.00   17.47601
  332.00   17.76600
  333.00   17.79860
  334.00   17.60978
  335.00   17.84918
  336.00   17.87915
  337.00   17.73230
  338.00   17.94493
  339.00   17.97184
  340.00   17.79683
  341.00   17.86584
  342.00   17.89417
  343.00   18.05623
  344.00   17.95414
  345.00   17.97760
  346.00   18.13787
  347.00   18.21924
  348.00   18.24301
  349.00   18.03044
  350.00   18.15104
  351.00   18.14725
  352.00   18.35520
  353.00   18.46181
  354.00   18.42938
  355.00   18.26716
  356.00   18.55003
  357.00   18.51525
  358.00   18.40326
  359.00   18.58248
  360.00   18.52837
  361.00   18.58075
  362.00   18.53142
  363.00   18.58758
  364.00   18.58978
  365.00   18.48923
  366.00   18.50607
  367.00   18.55063
  368.00   18.52815
  369.00   18.52323
  370.00   18.48855
  371.00   18.52201
  372.00   18.54148
  373.00   18.49525
  374.00   18.55751
  375.00   18.52331
  376.00   18.51680
  377.00   18.48399
  378.00   18.53656
  379.00   18.55600
  380.00   18.52469
  381.00   18.50625
  382.00   18.47874
  383.00   18.46836
  384.00   18.46903
  385.00   18.48716
  386.00   18.45170
  387.00   18.46967
  388.00   18.50436
  389.00   18.58560
  390.00   18.57031
  391.00   18.37371
  392.00   18.52859
  393.00   18.57332
  394.00   18.61120
  395.00   18.55285
  396.00   18.53144
  397.00   18.53619
  398.00   18.49985
  399.00   18.50353
  400.00   18.59069
  401.00   18.51549
  402.00   18.55130
  403.00   18.47459
  404.00   18.46284
  405.00   18.56355
  406.00   18.53690
  407.00   18.42191
  408.00   18.51605
  409.00   18.46580
  410.00   18.41166
  411.00   18.49319
  412.00   18.39237
  413.00   18.41843
  414.00   18.41498
  415.00   18.39880
  416.00   18.34685
  417.00   18.43323
  418.00   18.47145
  419.00   18.42114
  420.00   18.50792
  421.00   18.52582
  422.00   18.45585
  423.00   18.53135
  424.00   18.60146
  425.00   18.56075
  426.00   18.56527
  427.00   18.60442
  428.00   18.50963
  429.00   18.57850
  430.00   18.60800
  431.00   18.47762
  432.00   18.45829
  433.00   18.53696
  434.00   18.49410
  435.00   18.48097
  436.00   18.58178
  437.00   18.56219
  438.00   18.55995
  439.00   18.46321
  440.00   18.49874
  441.00   18.56947
  442.00   18.58858
  443.00   18.43927
  444.00   18.51108
  445.00   18.54501
  446.00   18.50462
  447.00   18.54562
  448.00   18.51067
  449.00   18.53115
  450.00   18.56966
  451.00   18.52964
  452.00   18.56580
  453.00   18.52468
  454.00   18.51782
  455.00   18.46449
  456.00   18.53552
  457.00   18.58746
  458.00   18.46772
  459.00   18.44565
  460.00   18.48946
  461.00   18.42809
  462.00   18.49505
  463.00   18.54353
  464.00   18.46108
  465.00   18.50293
  466.00   18.52217
  467.00   18.49758
  468.00   18.56171
  469.00   18.57543
  470.00   18.53757
  471.00   18.61350
  472.00   18.56382
  473.00   18.55540
  474.00   18.57677
  475.00   18.54653
  476.00   18.40735
  477.00   18.44685
  478.00   18.64967
  479.00   18.66239
  480.00   18.69374
  481.00   18.59590
  482.00   18.59445
  483.00   18.68585
  484.00   18.69615
  485.00   18.56681
  486.00   18.57744
  487.00   18.64214
  488.00   18.58536
  489.00   18.62300
  490.00   18.60002
  491.00   18.58582
  492.00   18.54405
  493.00   18.64202
  494.00   18.48145
  495.00   18.53794
  496.00   18.61395
  497.00   18.56347
  498.00   18.65889
  499.00   18.61709
  500.00   18.51697
  501.00   18.53448
  502.00   18.57376
  503.00   18.50658
  504.00   18.50971
  505.00   18.52772
  506.00   18.47955
  507.00   18.50701
  508.00   18.51026
  509.00   18.45547
  510.00   18.50227
  511.00   18.47726
  512.00   18.44127
  513.00   18.54570
  514.00   18.52209
  515.00   18.42049
  516.00   18.42164
  517.00   18.44292
  518.00   18.40243
  519.00   18.38871
  520.00   18.43217
  521.00   18.34459
  522.00   18.40106
  523.00   18.42199
  524.00   18.35421
  525.00   18.45438
  526.00   18.45661
  527.00   18.45752
  528.00   18.46690
  529.00   18.45761
  530.00   18.48180
  531.00   18.49077
  532.00   18.43446
  533.00   18.46940
  534.00   18.50335
  535.00   18.46093
  536.00   18.46320
  537.00   18.51739
  538.00   18.50732
  539.00   18.49322
  540.00   18.58091
  541.00   18.52303
  542.00   18.56131
  543.00   18.59947
  544.00   18.59564
  545.00   18.57013
  546.00   18.53913
  547.00   18.56052
  548.00   18.56222
  549.00   18.53466
  550.00   18.57666
  551.00   18.55064
  552.00   18.54159
  553.00   18.52468
  554.00   18.59016
  555.00   18.54597
  556.00   18.54693
  557.00   18.55768
  558.00   18.56932
  559.00   18.60562
  560.00   18.61747
  561.00   18.54009
  562.00   18.54028
  563.00   18.52241
  564.00   18.53336
  565.00   18.61173
  566.00   18.52603
  567.00   18.57014
  568.00   18.51998
  569.00   18.55863
  570.00   18.56169
  571.00   18.53574
  572.00   18.52950
  573.00   18.48937
  574.00   18.54556
  575.00   18.51642
  576.00   18.53822
  577.00   18.57773
  578.00   18.52153
  579.00   18.58456
  580.00   18.62536
  581.00   18.50089
  582.00   18.58109
  583.00   18.53276
  584.00   18.51720
  585.00   18.52917
  586.00   18.52309
  587.00   18.54270
  588.00   18.55379
  589.00   18.55253
  590.00   18.50550
  591.00   18.57165
  592.00   18.59405
  593.00   18.57793
  594.00   18.62279
  595.00   18.62364
  596.00   18.60151
  597.00   18.61724
  598.00   18.69576
  599.00   18.63054
  600.00   18.63131
  601.00   18.64311
  602.00   18.57482
  603.00   18.66850
  604.00   18.68993
  605.00   18.69672
  606.00   18.73363
  607.00   18.69652
  608.00   18.72221
  609.00   18.80758
  610.00   18.73210
  611.00   18.70466
  612.00   18.75863
  613.00   18.71937
  614.00   18.63866
  615.00   18.75398
  616.00   18.73324
  617.00   18.72197
  618.00   18.83136
  619.00   18.72566
  620.00   18.83802
  621.00   18.86243
  622.00   18.84339
  623.00   18.85332
  624.00   18.94211
  625.00   18.81185
  626.00   18.85958
  627.00   18.94418
  628.00   18.96938
  629.00   18.91663
  630.00   18.98978
  631.00   18.93288
  632.00   18.97400
  633.00   19.04126
  634.00   18.95918
  635.00   18.98373
  636.00   19.06332
  637.00   19.08248
  638.00   19.01951
  639.00   19.10110
  640.00   19.08877
  641.00   19.11540
  642.00   19.12298
  643.00   19.07997
  644.00   19.15991
  645.00   19.14884
  646.00   19.08857
  647.00   19.15121
  648.00   19.20847
  649.00   19.13921
  650.00   19.15609
  651.00   19.21451
  652.00   19.24573
  653.00   19.19684
  654.00   19.18190
  655.00   19.21126
  656.00   19.21511
  657.00   19.18064
  658.00   19.13344
  659.00   19.13287
  660.00   19.18041
  661.00   19.22330
  662.00   19.21805
  663.00   19.18072
  664.00   19.14174
  665.00   19.17620
  666.00   19.20436
  667.00   19.23741
  668.00   19.13239
  669.00   19.19514
  670.00   19.23942
  671.00   19.22558
  672.00   19.21731
  673.00   19.14924
  674.00   19.25740
  675.00   19.24525
  676.00   19.17759
  677.00   19.20202
  678.00   19.21612
  679.00   19.29602
  680.00   19.21524
  681.00   19.25907
  682.00   19.18523
  683.00   19.25496
  684.00   19.24017
  685.00   19.17629
  686.00   19.21580
  687.00   19.24244
  688.00   19.26273
  689.00   19.25530
  690.00   19.24910
  691.00   19.17809
  692.00   19.25299
  693.00   19.30331
  694.00   19.26246
  695.00   19.24956
  696.00   19.28621
  697.00   19.24417
  698.00   19.22222
  699.00   19.21008
  700.00   19.28686
  701.00   19.24109
  702.00   19.26057
  703.00   19.18517
  704.00   19.28330
  705.00   19.26402
  706.00   19.22636
  707.00   19.30634
  708.00   19.27018
  709.00   19.29500
  710.00   19.22230
  711.00   19.23804
  712.00   19.28920
  713.00   19.15637
  714.00   19.20297
  715.00   19.26520
  716.00   19.08582
  717.00   19.16988
  718.00   19.22729
  719.00   19.15026
  720.00   19.22395
  721.00   19.12239
  722.00   19.09555
  723.00   19.14786
  724.00   19.17719
  725.00   19.09055
  726.00   19.13448
  727.00   19.18962
  728.00   19.09909
  729.00   19.11962
  730.00   19.10098
  731.00   19.14792
  732.00   19.11458
  733.00   19.05836
  734.00   19.06026
  735.00   19.11393
  736.00   19.13190
  737.00   19.04538
  738.00   19.12471
  739.00   19.17301
  740.00   19.11250
  741.00   19.17277
  742.00   19.09446
  743.00   19.05998
  744.00   19.10910
  745.00   19.17367
  746.00   19.10065
  747.00   19.17283
  748.00   19.23322
  749.00   19.09543
  750.00   19.17200
  751.00   19.19177
  752.00   19.17386
  753.00   19.17042
  754.00   19.22265
  755.00   19.20221
  756.00   19.18616
  757.00   19.26267
  758.00   19.16905
  759.00   19.16942
  760.00   19.24981
  761.00   19.13529
  762.00   19.12417
  763.00   19.20744
  764.00   19.17548
  765.00   19.17993
  766.00   19.09054
  767.00   19.19493
  768.00   19.21779
  769.00   19.13086
  770.00   19.15220
  771.00   19.20842
  772.00   19.29426
  773.00   19.14875
  774.00   19.18888
  775.00   19.09849
  776.00   19.18118
  777.00   19.15706
  778.00   19.11637
  779.00   19.19381
  780.00   19.17969
  781.00   19.13092
  782.00   19.21069
  783.00   19.19907
  784.00   19.17364
  785.00   19.21858
  786.00   19.18543
  787.00   19.14762
  788.00   19.22431
  789.00   19.24117
  790.00   19.17934
  791.00   19.18082
  792.00   19.24008
  793.00   19.22580
  794.00   19.21875
  795.00   19.30847
  796.00   19.22980
  797.00   19.31617
  798.00   19.32757
  799.00   19.25785
  800.00   19.29009
  801.00   19.28797
  802.00   19.33159
  803.00   19.30367
  804.00   19.28532
  805.00   19.22647
  806.00   19.24307
  807.00   19.29959
  808.00   19.24058
  809.00   19.28523
  810.00   19.32344
  811.00   19.27277
  812.00   19.31827
  813.00   19.27551
  814.00   19.21114
  815.00   19.29574
  816.00   19.27160
  817.00   19.25012
  818.00   19.26884
  819.00   19.27854
  820.00   19.31594
  821.00   19.25077
  822.00   19.26662
  823.00   19.28673
  824.00   19.18924
  825.00   19.22927
  826.00   19.22665
  827.00   19.21904
  828.00   19.27422
  829.00   19.22928
  830.00   19.28687
  831.00   19.26478
  832.00   19.20946
  833.00   19.23444
  834.00   19.26748
  835.00   19.33617
  836.00   19.29324
  837.00   19.33929
  838.00   19.33149
  839.00   19.27670
  840.00   19.27597
  841.00   19.32633
  842.00   19.26217
  843.00   19.25140
  844.00   19.32257
  845.00   19.23166
  846.00   19.24153
  847.00   19.27983
  848.00   19.22763
  849.00   19.28147
  850.00   19.22230
  851.00   19.25952
  852.00   19.25828
  853.00   19.22335
  854.00   19.27631
  855.00   19.30077
  856.00   19.23727
  857.00   19.23243
  858.00   19.25573
  859.00   19.30167
  860.00   19.27307
  861.00   19.22047
  862.00   19.16459
  863.00   19.21149
  864.00   19.25266
  865.00   19.23759
  866.00   19.22445
  867.00   19.30212
  868.00   19.23343
  869.00   19.18670
  870.00   19.24311
  871.00   19.18581
  872.00   19.15604
  873.00   19.20672
  874.00   19.16311
  875.00   19.15050
  876.00   19.11462
  877.00   19.18833
  878.00   19.14464
  879.00   19.13636
  880.00   19.13533
  881.00   19.16554
  882.00   19.13248
  883.00   19.10466
  884.00   19.09836
  885.00   19.13772
  886.00   19.12016
  887.00   19.15937
  888.00   19.07400
  889.00   19.13742
  890.00   19.15913
  891.00   19.10248
  892.00   19.13565
  893.00   19.10784
  894.00   19.09202
  895.00   19.09841
  896.00   19.02120
  897.00   19.12005
  898.00   19.11789
  899.00   19.10549
  900.00   19.13589
  901.00   19.14294
  902.00   19.09140
  903.00   19.11468
  904.00   19.05034
  905.00   19.13981
  906.00   19.09705
  907.00   19.08550
  908.00   19.05549
  909.00   19.10057
  910.00   19.14607
  911.00   19.05620
  912.00   19.07777
  913.00   19.03829
  914.00   19.10883
  915.00   19.08611
  916.00   19.03820
  917.00   19.09596
  918.00   19.08272
  919.00   19.11794
  920.00   19.10837
  921.00   19.05972
  922.00   19.05864
  923.00   19.14979
  924.00   19.12055
  925.00   19.09933
  926.00   19.16825
  927.00   19.12045
  928.00   19.14864
  929.00   19.12305
  930.00   19.17670
  931.00   19.21594
  932.00   19.09188
  933.00   19.13877
  934.00   19.16924
  935.00   19.13011
  936.00   19.06298
  937.00   19.07153
  938.00   19.05227
  939.00   19.05334
  940.00   19.05908
  941.00   19.05919
  942.00   19.08885
  943.00   19.03016
  944.00   19.04424
  945.00   19.04743
  946.00   19.12040
  947.00   19.06112
  948.00   19.02596
  949.00   19.03682
  950.00   19.01891
  951.00   19.06920
  952.00   19.11072
  953.00   19.06657
  954.00   19.07291
  955.00   19.05359
  956.00   19.06235
  957.00   19.04719
  958.00   19.08693
  959.00   19.05805
  960.00   19.08729
  961.00   19.08839
  962.00   19.08855
  963.00   19.06810
  964.00   19.11307
  965.00   19.11194
  966.00   19.06027
  967.00   19.05889
  968.00   19.03410
  969.00   19.08734
  970.00   19.08993
  971.00   18.98251
  972.00   19.03800
  973.00   19.02854
  974.00   19.02457
  975.00   19.06356
  976.00   19.05710
  977.00   19.08086
  978.00   19.02240
  979.00   19.05262
  980.00   18.98228
  981.00   19.08138
  982.00   19.08256
  983.00   19.03969
  984.00   19.08594
  985.00   19.15707
  986.00   19.03244
  987.00   19.09415
  988.00   19.15221
  989.00   19.01196
  990.00   19.06512
  991.00   19.02553
  992.00   19.07826
  993.00   18.98867
  994.00   18.98899
  995.00   19.07411
  996.00   19.04926
  997.00   19.09156
  998.00   19.01726
  999.00   19.11765
 1000.00   19.09076
 1001.00   19.07626
 1002.00   19.12413
 1003.00   19.14572
 1004.00   19.10155
 1005.00   19.04394
 1006.00   19.03846
 1007.00   19.07868
 1008.00   19.00059
 1009.00   19.00980
 1010.00   18.99325
 1011.00   19.04569
 1012.00   19.02470
 1013.00   19.04448
 1014.00   18.97601
 1015.00   18.96120
 1016.00   19.06916
 1017.00   19.01912
 1018.00   19.03899
 1019.00   19.03802
 1020.00   19.04085
 1021.00   19.04185
 1022.00   19.02273
 1023.00   19.05484
 1024.00   19.03754
 1025.00   19.00725
 1026.00   19.09697
 1027.00   19.02885
 1028.00   18.99916
 1029.00   19.00982
 1030.00   19.01733
 1031.00   18.95625
 1032.00   19.04713
 1033.00   19.02437
 1034.00   19.01802
 1035.00   19.06064
 1036.00   19.10467
 1037.00   18.99632
 1038.00   19.01386
 1039.00   19.03313
 1040.00   18.98642
 1041.00   19.01605
 1042.00   19.03443
 1043.00   18.90150
 1044.00   19.01846
 1045.00   19.02148
 1046.00   18.99048
 1047.00   19.01462
 1048.00   18.97929
 1049.00   18.97873
 1050.00   19.08229
 1051.00   19.00317
 1052.00   19.03021
 1053.00   19.04665
 1054.00   19.01056
 1055.00   19.06312
 1056.00   19.08474
 1057.00   19.02844
 1058.00   19.01388
 1059.00   19.10462
 1060.00   19.01749
 1061.00   19.05723
 1062.00   19.03387
 1063.00   18.98783
 1064.00   19.07372
 1065.00   19.11767
 1066.00   19.05298
 1067.00   19.12415
 1068.00   19.15959
 1069.00   19.08965
 1070.00   19.09386
 1071.00   19.18401
 1072.00   19.09946
 1073.00   19.13399
 1074.00   19.14664
 1075.00   19.09065
 1076.00   19.14214
 1077.00   19.20380
 1078.00   19.14461
 1079.00   19.14508
 1080.00   19.19205
 1081.00   19.11877
 1082.00   19.09047
 1083.00   19.13545
 1084.00   19.17046
 1085.00   19.10611
 1086.00   19.12164
 1087.00   19.08001
 1088.00   19.13434
 1089.00   19.07136
 1090.00   19.05630
 1091.00   19.11432
 1092.00   19.18510
 1093.00   19.12775
 1094.00   19.09833
 1095.00   19.12789
 1096.00   19.07050
 1097.00   19.10515
 1098.00   19.14196
 1099.00   19.10077
 1100.00   19.06811
 1101.00   19.07438
 1102.00   19.11964
 1103.00   19.03016
 1104.00   19.10031
 1105.00   19.08681
 1106.00   19.00641
 1107.00   19.05673
 1108.00   18.99422
 1109.00   18.97072
 1110.00   19.01797
 1111.00   18.98675
 1112.00   18.99741
 1113.00   19.02959
 1114.00   19.01162
 1115.00   18.98746
 1116.00   19.00022
 1117.00   19.01948
 1118.00   19.04804
 1119.00   18.99747
 1120.00   19.04991
 1121.00   19.02180
 1122.00   19.02371
 1123.00   19.05308
 1124.00   19.06132
 1125.00   19.03320
 1126.00   19.10643
 1127.00   19.07801
 1128.00   19.10836
 1129.00   19.02794
 1130.00   19.03238
 1131.00   19.07501
 1132.00   19.10464
 1133.00   19.04230
 1134.00   19.06840
 1135.00   19.09218
 1136.00   19.05574
 1137.00   19.11102
 1138.00   19.10588
 1139.00   19.08924
 1140.00   19.06762
 1141.00   19.04327
 1142.00   18.98771
 1143.00   19.03885
 1144.00   19.03657
 1145.00   18.98581
 1146.00   19.03923
 1147.00   19.04633
 1148.00   19.14942
 1149.00   19.01632
 1150.00   19.00146
 1151.00   18.99368
 1152.00   19.06380
 1153.00   19.00321
 1154.00   18.97997
 1155.00   18.99959
 1156.00   19.05102
 1157.00   19.05866
 1158.00   19.10846
 1159.00   19.03990
 1160.00   19.07135
 1161.00   19.07466
 1162.00   19.04983
 1163.00   19.03318
 1164.00   19.07421
 1165.00   19.13353
 1166.00   19.00875
 1167.00   19.09635
 1168.00   19.04189
 1169.00   19.01376
 1170.00   19.09225
 1171.00   19.00508
 1172.00   19.06081
 1173.00   19.01798
 1174.00   18.99759
 1175.00   18.91452
 1176.00   18.97830
 1177.00   19.08154
 1178.00   18.83357
 1179.00   18.90457
 1180.00   18.98887
 1181.00   18.76234
 1182.00   18.81916
 1183.00   18.91233
 1184.00   18.79851
 1185.00   18.81095
 1186.00   18.86113
 1187.00   18.82316
 1188.00   18.84105
 1189.00   18.90768
 1190.00   18.91912
 1191.00   18.94423
 1192.00   18.88011
 1193.00   18.88125
 1194.00   18.93972
 1195.00   18.95542
 1196.00   18.91866
 1197.00   18.92631
 1198.00   18.98457
 1199.00   18.87768
 1200.00   18.88382
 1201.00   18.96551
 1202.00   18.94146
 1203.00   18.93974
 1204.00   18.86493
 1205.00   18.86941
 1206.00   18.96094
 1207.00   18.97497
 1208.00   18.92091
 1209.00   18.98529
 1210.00   19.00442
 1211.00   18.92074
 1212.00   18.99746
 1213.00   19.00941
 1214.00   18.96807
 1215.00   18.98441
 1216.00   18.87868
 1217.00   18.93872
 1218.00   18.95690
 1219.00   18.98320
 1220.00   18.94189
 1221.00   18.92791
 1222.00   18.96595
 1223.00   18.84524
 1224.00   18.93769
 1225.00   19.00422
 1226.00   18.90431
 1227.00   18.91934
 1228.00   18.94470
 1229.00   18.86203
 1230.00   18.89478
 1231.00   18.96473
 1232.00   18.96999
 1233.00   19.04684
 1234.00   18.90604
 1235.00   18.98426
 1236.00   19.04061
 1237.00   18.89578
 1238.00   19.01404
 1239.00   19.04977
 1240.00   18.92040
 1241.00   18.98267
 1242.00   19.03958
 1243.00   19.08289
 1244.00   19.09161
 1245.00   19.19336
 1246.00   18.99859
 1247.00   19.14738
 1248.00   19.14247
 1249.00   19.23665
 1250.00   19.12072
 1251.00   19.09645
 1252.00   19.21284
 1253.00   19.21545
 1254.00   19.28119
 1255.00   19.21137
 1256.00   19.15450
 1257.00   19.22524
 1258.00   19.26567
 1259.00   19.22200
 1260.00   19.18268
 1261.00   19.22189
 1262.00   19.24723
 1263.00   19.26682
 1264.00   19.19547
 1265.00   19.18677
 1266.00   19.23999
 1267.00   19.31328
 1268.00   19.17377
 1269.00   19.23236
 1270.00   19.27613
 1271.00   19.24414
 1272.00   19.26225
 1273.00   19.29827
 1274.00   19.32078
 1275.00   19.34866
 1276.00   19.26614
 1277.00   19.34551
 1278.00   19.35154
 1279.00   19.31723
 1280.00   19.27601
 1281.00   19.34939
 1282.00   19.40540
 1283.00   19.25866
 1284.00   19.34389
 1285.00   19.40502
 1286.00   19.32768
 1287.00   19.30372
 1288.00   19.36690
 1289.00   19.29206
 1290.00   19.36924
 1291.00   19.27276
 1292.00   19.19829
 1293.00   19.29346
 1294.00   19.29974
 1295.00   19.31430
 1296.00   19.35980
 1297.00   19.28217
 1298.00   19.29497
 1299.00   19.38174
 1300.00   19.29365
 1301.00   19.38885
 1302.00   19.44779
 1303.00   19.34843
 1304.00   19.27937
 1305.00   19.36548
 1306.00   19.42044
 1307.00   19.31020
 1308.00   19.33927
 1309.00   19.23802
 1310.00   19.24608
 1311.00   19.31029
 1312.00   19.35642
 1313.00   19.36055
 1314.00   19.41525
 1315.00   19.35158
 1316.00   19.28867
 1317.00   19.34173
 1318.00   19.42227
 1319.00   19.32670
 1320.00   19.34611
 1321.00   19.27724
 1322.00   19.33620
 1323.00   19.39744
 1324.00   19.34304
 1325.00   19.25127
 1326.00   19.35125
 1327.00   19.40329
 1328.00   19.44411
 1329.00   19.40949
 1330.00   19.40964
 1331.00   19.43158
 1332.00   19.44460
 1333.00   19.37679
 1334.00   19.41001
 1335.00   19.43237
 1336.00   19.38938
 1337.00   19.40569
 1338.00   19.48813
 1339.00   19.44075
 1340.00   19.41247
 1341.00   19.46526
 1342.00   19.38555
 1343.00   19.43268
 1344.00   19.49311
 1345.00   19.44798
 1346.00   19.41705
 1347.00   19.42491
 1348.00   19.44504
 1349.00   19.38250
 1350.00   19.42896
 1351.00   19.43178
 1352.00   19.40733
 1353.00   19.46185
 1354.00   19.45551
 1355.00   19.47033
 1356.00   19.40889
 1357.00   19.46569
 1358.00   19.40119
 1359.00   19.42022
 1360.00   19.39739
 1361.00   19.35116
 1362.00   19.46519
 1363.00   19.41916
 1364.00   19.40646
 1365.00   19.49824
 1366.00   19.35732
 1367.00   19.31960
 1368.00   19.35145
 1369.00   19.35429
 1370.00   19.35250
 1371.00   19.38081
 1372.00   19.29554
 1373.00   19.36542
 1374.00   19.32970
 1375.00   19.35729
 1376.00   19.40270
 1377.00   19.35578
 1378.00   19.29945
 1379.00   19.39709
 1380.00   19.40672
 1381.00   19.38709
 1382.00   19.43572
 1383.00   19.44838
 1384.00   19.36372
 1385.00   19.40755
 1386.00   19.38763
 1387.00   19.47124
 1388.00   19.31035
 1389.00   19.38149
 1390.00   19.38665
 1391.00   19.27093
 1392.00   19.27066
 1393.00   19.30643
 1394.00   19.20489
 1395.00   19.24092
 1396.00   19.30570
 1397.00   19.13723
 1398.00   19.27854
 1399.00   19.26929
 1400.00   19.32527
 1401.00   19.31611
 1402.00   19.23645
 1403.00   19.15877
 1404.00   19.21852
 1405.00   19.25683
 1406.00   19.11540
 1407.00   19.26112
 1408.00   19.24650
 1409.00   19.26925
 1410.00   19.27326
 1411.00   19.20108
 1412.00   19.26975
 1413.00   19.32341
 1414.00   19.19808
 1415.00   19.19069
 1416.00   19.26499
 1417.00   19.11558
 1418.00   19.10279
 1419.00   19.20254
 1420.00   19.04222
 1421.00   19.07241
 1422.00   19.11356
 1423.00   19.01490
 1424.00   19.03870
 1425.00   19.09521
 1426.00   18.96865
 1427.00   19.02559
 1428.00   19.08905
 1429.00   18.99579
 1430.00   19.08640
 1431.00   19.14083
 1432.00   19.03276
 1433.00   19.10742
 1434.00   19.11447
 1435.00   19.19557
 1436.00   19.09678
 1437.00   19.08312
 1438.00   19.17570
 1439.00   19.06755
 1440.00   19.13784
 1441.00   19.03330
 1442.00   19.16047
 1443.00   19.22914
 1444.00   19.13638
 1445.00   19.11014
 1446.00   19.18972
 1447.00   19.13143
 1448.00   19.10552
 1449.00   19.12814
 1450.00   19.14020
 1451.00   19.14192
 1452.00   19.13641
 1453.00   19.11680
 1454.00   19.03943
 1455.00   19.17434
 1456.00   19.14353
 1457.00   19.05513
 1458.00   19.07852
 1459.00   18.99474
 1460.00   19.06190
 1461.00   19.02009
 1462.00   18.94643
 1463.00   19.04013
 1464.00   19.02091
 1465.00   19.05035
 1466.00   19.03095
 1467.00   19.00434
 1468.00   19.02252
 1469.00   19.10200
 1470.00   19.07043
 1471.00   19.03199
 1472.00   19.09854
 1473.00   19.04615
 1474.00   19.11524
 1475.00   19.16321
 1476.00   19.15058
 1477.00   19.04930
 1478.00   19.15156
 1479.00   19.11617
 1480.00   19.15457
 1481.00   19.07092
 1482.00   19.10386
 1483.00   19.16849
 1484.00   19.07548
 1485.00   19.06851
 1486.00   19.06353
 1487.00   19.12220
 1488.00   19.01646
 1489.00   19.02558
 1490.00   19.11538
 1491.00   19.14021
 1492.00   19.13988
 1493.00   19.17773
 1494.00   19.11337
 1495.00   19.07083
 1496.00   19.06925
 1497.00   19.11971
