    1.00    0.00000
    2.00    0.19153
    3.00    0.18853
    4.00    0.19408
    5.00    0.38039
    6.00    0.35410
    7.00    0.08265
    8.00    0.56494
    9.00    0.54152
   10.00    0.21120
   11.00    0.75313
   12.00    0.73054
   13.00    0.38467
   14.00    0.64440
   15.00    0.63711
   16.00    0.90726
   17.00    1.08104
   18.00    1.07080
   19.00    0.73600
   20.00    0.94186
   21.00    0.94147
   22.00    1.24732
   23.00    1.41473
   24.00    1.40659
   25.00    1.07669
   26.00    1.27128
   27.00    1.30873
   28.00    1.58368
   29.00    1.74733
   30.00    1.73870
   31.00    1.41579
   32.00    1.90840
   33.00    1.90035
   34.00    1.57327
   35.00    2.07048
   36.00    2.06593
   37.00    1.73395
   38.00    1.92957
   39.00    1.96603
   40.00    2.23665
   41.00    2.39809
   42.00    2.39466
   43.00    2.07495
   44.00    2.56272
   45.00    2.55681
   46.00    2.23291
   47.00    2.41030
   48.00    2.40086
   49.00    2.73375
   50.00    2.57369
   51.00    2.60184
   52.00    2.90501
   53.00    3.06194
   54.00    3.06098
   55.00    2.74079
   56.00    2.89633
   57.00    2.92972
   58.00    3.23465
   59.00    3.06078
   60.00    3.09157
   61.00    3.39994
   62.00    3.22141
   63.00    3.25003
   64.00    3.55972
   65.00    3.38177
   66.00    3.41136
   67.00    3.71823
   68.00    3.87027
   69.00    3.87357
   70.00    3.54428
   71.00    4.02171
   72.00    4.02398
   73.00    3.70893
   74.00    4.17214
   75.00    4.17031
   76.00    3.85793
   77.00    3.99527
   78.00    4.01676
   79.00    4.35174
   80.00    4.17031
   81.00    4.19138
   82.00    4.52052
   83.00    4.67000
   84.00    4.67345
   85.00    4.34796
   86.00    4.48542
   87.00    4.51026
   88.00    4.84325
   89.00    4.99133
   90.00    4.99329
   91.00    4.67028
   92.00    5.13563
   93.00    5.10986
   94.00    4.82979
   95.00    4.95314
   96.00    4.97448
   97.00    5.31312
   98.00    5.13062
   99.00    5.15287
  100.00    5.48297
  101.00    5.29977
  102.00    5.31920
  103.00    5.64178
  104.00    5.46075
  105.00    5.47873
  106.00    5.80201
  107.00    5.62330
  108.00    5.64229
  109.00    5.96087
  110.00    5.78539
  111.00    5.80530
  112.00    6.11928
  113.00    5.94624
  114.00    5.96591
  115.00    6.27712
  116.00    6.43368
  117.00    6.41790
  118.00    6.10417
  119.00    6.25070
  120.00    6.25121
  121.00    6.59585
  122.00    6.41826
  123.00    6.44020
  124.00    6.75332
  125.00    6.91088
  126.00    6.89539
  127.00    6.57835
  128.00    7.07071
  129.00    7.05209
  130.00    6.73627
  131.00    7.22134
  132.00    7.20509
  133.00    6.90062
  134.00    7.37243
  135.00    7.37141
  136.00    7.05133
  137.00    7.52472
  138.00    7.52207
  139.00    7.20418
  140.00    7.67945
  141.00    7.67352
  142.00    7.35458
  143.00    7.83560
  144.00    7.81611
  145.00    7.51511
  146.00    7.99477
  147.00    7.97364
  148.00    7.67251
  149.00    8.15581
  150.00    8.15097
  151.00    7.83287
  152.00    8.31324
  153.00    8.30912
  154.00    7.99246
  155.00    8.46901
  156.00    8.46536
  157.00    8.15174
  158.00    8.62543
  159.00    8.62143
  160.00    8.30717
  161.00    8.78196
  162.00    8.77848
  163.00    8.46015
  164.00    8.93989
  165.00    8.93286
  166.00    8.61683
  167.00    8.76167
  168.00    8.75711
  169.00    9.12309
  170.00    8.94238
  171.00    8.94049
  172.00    9.30782
  173.00    9.46690
  174.00    9.45542
  175.00    9.14601
  176.00    9.28345
  177.00    9.28062
  178.00    9.64649
  179.00    9.80421
  180.00    9.79298
  181.00    9.48203
  182.00    9.95880
  183.00    9.95485
  184.00    9.64023
  185.00   10.10988
  186.00   10.09772
  187.00    9.79574
  188.00   10.26059
  189.00   10.24855
  190.00    9.94669
  191.00   10.41351
  192.00   10.41040
  193.00   10.09652
  194.00   10.56851
  195.00   10.56359
  196.00   10.25056
  197.00   10.72504
  198.00   10.71945
  199.00   10.40639
  200.00   10.88257
  201.00   10.87718
  202.00   10.56274
  203.00   11.03976
  204.00   11.02765
  205.00   10.72057
  206.00   10.87060
  207.00   10.87301
  208.00   11.22365
  209.00   11.04695
  210.00   11.04468
  211.00   11.40864
  212.00   11.22621
  213.00   11.22508
  214.00   11.59535
  215.00   11.40598
  216.00   11.40642
  217.00   11.77479
  218.00   11.58693
  219.00   11.58475
  220.00   11.94701
  221.00   12.09499
  222.00   12.08495
  223.00   11.77850
  224.00   11.90992
  225.00   11.91854
  226.00   12.26977
  227.00   12.08484
  228.00   12.08313
  229.00   12.43735
  230.00   12.59601
  231.00   12.58538
  232.00   12.27288
  233.00   12.42479
  234.00   12.42208
  235.00   12.76263
  236.00   12.58935
  237.00   12.58460
  238.00   12.92208
  239.00   13.08174
  240.00   13.06507
  241.00   12.75526
  242.00   13.23556
  243.00   13.22754
  244.00   12.91764
  245.00   13.38286
  246.00   13.37338
  247.00   13.07682
  248.00   13.52718
  249.00   13.51921
  250.00   13.22766
  251.00   13.67096
  252.00   13.66266
  253.00   13.37427
  254.00   13.81452
  255.00   13.81232
  256.00   13.51575
  257.00   13.63142
  258.00   13.62880
  259.00   13.99063
  260.00   14.13932
  261.00   14.12303
  262.00   13.84241
  263.00   14.28424
  264.00   14.27479
  265.00   13.98882
  266.00   14.42721
  267.00   14.42389
  268.00   14.13131
  269.00   14.56486
  270.00   14.55240
  271.00   14.27108
  272.00   14.70950
  273.00   14.70632
  274.00   14.41069
  275.00   14.85258
  276.00   14.85035
  277.00   14.55247
  278.00   14.99733
  279.00   14.99393
  280.00   14.69608
  281.00   15.14356
  282.00   15.13898
  283.00   14.84093
  284.00   15.28937
  285.00   15.28524
  286.00   14.98437
  287.00   15.43717
  288.00   15.43404
  289.00   15.13177
  290.00   15.58491
  291.00   15.56230
  292.00   15.28769
  293.00   15.73478
  294.00   15.71157
  295.00   15.43821
  296.00   15.88572
  297.00   15.86238
  298.00   15.58986
  299.00   16.03586
  300.00   16.01339
  301.00   15.74128
  302.00   15.88378
  303.00   15.87979
  304.00   16.20705
  305.00   16.35593
  306.00   16.33362
  307.00   16.06911
  308.00   16.20243
  309.00   16.20034
  310.00   16.52461
  311.00   16.37135
  312.00   16.35791
  313.00   16.69665
  314.00   16.54201
  315.00   16.52561
  316.00   16.86452
  317.00   17.00485
  318.00   16.98216
  319.00   16.73088
  320.00   17.13894
  321.00   17.11802
  322.00   16.87262
  323.00   17.27058
  324.00   17.24807
  325.00   17.00792
  326.00   17.40158
  327.00   17.37842
  328.00   17.13948
  329.00   17.53323
  330.00   17.51292
  331.00   17.27187
  332.00   17.40454
  333.00   17.39478
  334.00   17.66794
  335.00   17.54022
  336.00   17.53185
  337.00   17.80481
  338.00   17.92638
  339.00   17.91141
  340.00   17.68286
  341.00   17.79056
  342.00   17.78606
  343.00   18.06204
  344.00   18.17957
  345.00   18.16638
  346.00   17.94332
  347.00   18.28855
  348.00   18.28483
  349.00   18.06388
  350.00   18.39892
  351.00   18.39323
  352.00   18.17065
  353.00   18.43041
  354.00   18.42243
  355.00   18.39782
  356.00   18.40425
  357.00   18.34601
  358.00   18.50270
  359.00   18.47146
  360.00   18.43784
  361.00   18.55291
  362.00   18.42206
  363.00   18.40450
  364.00   18.56547
  365.00   18.53138
  366.00   18.53819
  367.00   18.63342
  368.00   18.60244
  369.00   18.58410
  370.00   18.66303
  371.00   18.52015
  372.00   18.58114
  373.00   18.64324
  374.00   18.51083
  375.00   18.50556
  376.00   18.63685
  377.00   18.51737
  378.00   18.52311
  379.00   18.49122
  380.00   18.40249
  381.00   18.41679
  382.00   18.66955
  383.00   18.60372
  384.00   18.66801
  385.00   18.73552
  386.00   18.63717
  387.00   18.63628
  388.00   18.70138
  389.00   18.63776
  390.00   18.65306
  391.00   18.61682
  392.00   18.59772
  393.00   18.64062
  394.00   18.73408
  395.00   18.72851
  396.00   18.80006
  397.00   18.72358
  398.00   18.79446
  399.00   18.79003
  400.00   18.78216
  401.00   18.75115
  402.00   18.79645
  403.00   18.82905
  404.00   18.75910
  405.00   18.81652
  406.00   18.83684
  407.00   18.77897
  408.00   18.82502
  409.00   18.86575
  410.00   18.85940
  411.00   18.84646
  412.00   18.84930
  413.00   18.85084
  414.00   18.82907
  415.00   18.84451
  416.00   18.85638
  417.00   18.85152
  418.00   18.85385
  419.00   18.85926
  420.00   18.85415
  421.00   18.85772
  422.00   18.85021
  423.00   18.82919
  424.00   18.85940
  425.00   18.86040
  426.00   18.83238
  427.00   18.85253
  428.00   18.81658
  429.00   18.85306
  430.00   18.83707
  431.00   18.85435
  432.00   18.82293
  433.00   18.87073
  434.00   18.87352
  435.00   18.83665
  436.00   18.84870
  437.00   18.86023
  438.00   18.86261
  439.00   18.86971
  440.00   18.83400
  441.00   18.82075
  442.00   18.90807
  443.00   18.92365
  444.00   18.88021
  445.00   18.88909
  446.00   18.94836
  447.00   18.90109
  448.00   18.92038
  449.00   18.97894
  450.00   18.89582
  451.00   18.96441
  452.00   18.97922
  453.00   18.93629
  454.00   18.99453
  455.00   18.96732
  456.00   19.00774
  457.00   18.99889
  458.00   19.00462
  459.00   18.97974
  460.00   19.01035
  461.00   18.98648
  462.00   19.00348
  463.00   18.99070
  464.00   18.96262
  465.00   18.98625
  466.00   18.99043
  467.00   18.95669
  468.00   18.96097
  469.00   18.96950
  470.00   18.97856
  471.00   18.94958
  472.00   18.95060
  473.00   18.96353
  474.00   18.98077
  475.00   18.97045
  476.00   18.92923
  477.00   19.00980
  478.00   18.98865
  479.00   18.98266
  480.00   18.96743
  481.00   19.00539
  482.00   19.02916
  483.00   18.95749
  484.00   19.01623
  485.00   18.98763
  486.00   19.01628
  487.00   19.00579
  488.00   19.01362
  489.00   18.98813
  490.00   19.01370
  491.00   19.00243
  492.00   19.00015
  493.00   19.00719
  494.00   18.98867
  495.00   18.99847
  496.00   19.00655
  497.00   18.96482
  498.00   19.01328
  499.00   19.02116
  500.00   18.99301
  501.00   19.02481
  502.00   19.00465
  503.00   18.94793
  504.00   19.00021
  505.00   19.01674
  506.00   19.00121
  507.00   19.01315
  508.00   18.99489
  509.00   18.99340
  510.00   19.02241
  511.00   18.99445
  512.00   18.99596
  513.00   19.01424
  514.00   19.02889
  515.00   18.97447
  516.00   19.04717
  517.00   19.03675
  518.00   18.97771
  519.00   19.06900
  520.00   19.04925
  521.00   19.02264
  522.00   19.09482
  523.00   19.06174
  524.00   19.04288
  525.00   19.13243
  526.00   19.10236
  527.00   19.14653
  528.00   19.14130
  529.00   19.12317
  530.00   19.16273
  531.00   19.15317
  532.00   19.12019
  533.00   19.11982
  534.00   19.11469
  535.00   19.12947
  536.00   19.10079
  537.00   19.13716
  538.00   19.07149
  539.00   19.09189
  540.00   19.14786
  541.00   19.13349
  542.00   19.11216
  543.00   19.16260
  544.00   19.16748
  545.00   19.15426
  546.00   19.19419
  547.00   19.15656
  548.00   19.16440
  549.00   19.17200
  550.00   19.13035
  551.00   19.15031
  552.00   19.17872
  553.00   19.16097
  554.00   19.16215
  555.00   19.17038
  556.00   19.17214
  557.00   19.15230
  558.00   19.14310
  559.00   19.16843
  560.00   19.18068
  561.00   19.14074
  562.00   19.14157
  563.00   19.13345
  564.00   19.12002
  565.00   19.15475
  566.00   19.05605
  567.00   19.15331
  568.00   19.13317
  569.00   19.15219
  570.00   19.13011
  571.00   19.19311
  572.00   19.20768
  573.00   19.15404
  574.00   19.20094
  575.00   19.20152
  576.00   19.17108
  577.00   19.17952
  578.00   19.19964
  579.00   19.16846
  580.00   19.18250
  581.00   19.20227
  582.00   19.20116
  583.00   19.18351
  584.00   19.21005
  585.00   19.17433
  586.00   19.16306
  587.00   19.21518
  588.00   19.17975
  589.00   19.17574
  590.00   19.19671
  591.00   19.25068
  592.00   19.19589
  593.00   19.19824
  594.00   19.18280
  595.00   19.16848
  596.00   19.18831
  597.00   19.14514
  598.00   19.14022
  599.00   19.15495
  600.00   19.13971
  601.00   19.10959
  602.00   19.17119
  603.00   19.13272
  604.00   19.14200
  605.00   19.18394
  606.00   19.17802
  607.00   19.14614
  608.00   19.15657
  609.00   19.19580
  610.00   19.18613
  611.00   19.19032
  612.00   19.19419
  613.00   19.15242
  614.00   19.17501
  615.00   19.20449
  616.00   19.17340
  617.00   19.18570
  618.00   19.18668
  619.00   19.22262
  620.00   19.20141
  621.00   19.18549
  622.00   19.16764
  623.00   19.16880
  624.00   19.22245
  625.00   19.19452
  626.00   19.24856
  627.00   19.18712
  628.00   19.24235
  629.00   19.23489
  630.00   19.25907
  631.00   19.22111
  632.00   19.22603
  633.00   19.28830
  634.00   19.27166
  635.00   19.25737
  636.00   19.32333
  637.00   19.27974
  638.00   19.33203
  639.00   19.32414
  640.00   19.34031
  641.00   19.29998
  642.00   19.33413
  643.00   19.31659
  644.00   19.31492
  645.00   19.36639
  646.00   19.34582
  647.00   19.35619
  648.00   19.35048
  649.00   19.35294
  650.00   19.35036
  651.00   19.35179
  652.00   19.31805
  653.00   19.32822
  654.00   19.30326
  655.00   19.29277
  656.00   19.30496
  657.00   19.34316
  658.00   19.30416
  659.00   19.33176
  660.00   19.35551
  661.00   19.33612
  662.00   19.33352
  663.00   19.34207
  664.00   19.29105
  665.00   19.35720
  666.00   19.34353
  667.00   19.30596
  668.00   19.28062
  669.00   19.33973
  670.00   19.29794
  671.00   19.35731
  672.00   19.34026
  673.00   19.30539
  674.00   19.35441
  675.00   19.33939
  676.00   19.33078
  677.00   19.31211
  678.00   19.37807
  679.00   19.34613
  680.00   19.37521
  681.00   19.38526
  682.00   19.34164
  683.00   19.38429
  684.00   19.38319
  685.00   19.34438
  686.00   19.40712
  687.00   19.35244
  688.00   19.37200
  689.00   19.42348
  690.00   19.39665
  691.00   19.40172
  692.00   19.41664
  693.00   19.46002
  694.00   19.43114
  695.00   19.42392
  696.00   19.41272
  697.00   19.37858
  698.00   19.47294
  699.00   19.39819
  700.00   19.39056
  701.00   19.33656
  702.00   19.40676
  703.00   19.41517
  704.00   19.43598
  705.00   19.45798
  706.00   19.39323
  707.00   19.37668
  708.00   19.40871
  709.00   19.41766
  710.00   19.39224
  711.00   19.47353
  712.00   19.43799
  713.00   19.45108
  714.00   19.45391
  715.00   19.49129
  716.00   19.43045
  717.00   19.46592
  718.00   19.48392
  719.00   19.45188
  720.00   19.52421
  721.00   19.47810
  722.00   19.43836
  723.00   19.51385
  724.00   19.50381
  725.00   19.46328
  726.00   19.50573
  727.00   19.54175
  728.00   19.49870
  729.00   19.58628
  730.00   19.56589
  731.00   19.58806
  732.00   19.57733
  733.00   19.58215
  734.00   19.54617
  735.00   19.55564
  736.00   19.62096
  737.00   19.53860
  738.00   19.59506
  739.00   19.56369
  740.00   19.48330
  741.00   19.52523
  742.00   19.53932
  743.00   19.53347
  744.00   19.56577
  745.00   19.57193
  746.00   19.57846
  747.00   19.60124
  748.00   19.60977
  749.00   19.63347
  750.00   19.62550
  751.00   19.61176
  752.00   19.60667
  753.00   19.61669
  754.00   19.61237
  755.00   19.61344
  756.00   19.64728
  757.00   19.64138
  758.00   19.66432
  759.00   19.63132
  760.00   19.64745
  761.00   19.64641
  762.00   19.62447
  763.00   19.64849
  764.00   19.69588
  765.00   19.62368
  766.00   19.63049
  767.00   19.68206
  768.00   19.61722
  769.00   19.60711
  770.00   19.62621
  771.00   19.64857
  772.00   19.56753
  773.00   19.55317
  774.00   19.57620
  775.00   19.50726
  776.00   19.55295
  777.00   19.59924
  778.00   19.54875
  779.00   19.49190
  780.00   19.55500
  781.00   19.55639
  782.00   19.58013
  783.00   19.52259
  784.00   19.49118
  785.00   19.51754
  786.00   19.54190
  787.00   19.51008
  788.00   19.52359
  789.00   19.51868
  790.00   19.51704
  791.00   19.50225
  792.00   19.51580
  793.00   19.48139
  794.00   19.50000
  795.00   19.53141
  796.00   19.46409
  797.00   19.44047
  798.00   19.50782
  799.00   19.42932
  800.00   19.47577
  801.00   19.52391
  802.00   19.46435
  803.00   19.51630
  804.00   19.52196
  805.00   19.51150
  806.00   19.49996
  807.00   19.52341
  808.00   19.47579
  809.00   19.47947
  810.00   19.52687
  811.00   19.53741
  812.00   19.53879
  813.00   19.51155
  814.00   19.50612
  815.00   19.49491
  816.00   19.50584
  817.00   19.49777
  818.00   19.51153
  819.00   19.54207
  820.00   19.49252
  821.00   19.53081
  822.00   19.52159
  823.00   19.48333
  824.00   19.54175
  825.00   19.49585
  826.00   19.45694
  827.00   19.47008
  828.00   19.50502
  829.00   19.41199
  830.00   19.42457
  831.00   19.40941
  832.00   19.37707
  833.00   19.38953
  834.00   19.41110
  835.00   19.35126
  836.00   19.37293
  837.00   19.38662
  838.00   19.29862
  839.00   19.29928
  840.00   19.35711
  841.00   19.24767
  842.00   19.25901
  843.00   19.33084
  844.00   19.43408
  845.00   19.29572
  846.00   19.28367
  847.00   19.40106
  848.00   19.31821
  849.00   19.39915
  850.00   19.41492
  851.00   19.39987
  852.00   19.39576
  853.00   19.36622
  854.00   19.32865
  855.00   19.36812
  856.00   19.43640
  857.00   19.32536
  858.00   19.39170
  859.00   19.31856
  860.00   19.33299
  861.00   19.35936
  862.00   19.33870
  863.00   19.33871
  864.00   19.36887
  865.00   19.35284
  866.00   19.32558
  867.00   19.32626
  868.00   19.47757
  869.00   19.35040
  870.00   19.38881
  871.00   19.30293
  872.00   19.31309
  873.00   19.35542
  874.00   19.25265
  875.00   19.18906
  876.00   19.22239
  877.00   19.35748
  878.00   19.28566
  879.00   19.34251
  880.00   19.44546
  881.00   19.32100
  882.00   19.32042
  883.00   19.27123
  884.00   19.33436
  885.00   19.37692
  886.00   19.34664
  887.00   19.36280
  888.00   19.34770
  889.00   19.31769
  890.00   19.35804
  891.00   19.41895
  892.00   19.33592
  893.00   19.26377
  894.00   19.31307
  895.00   19.35913
  896.00   19.25649
  897.00   19.30666
  898.00   19.39220
  899.00   19.19899
  900.00   19.25504
  901.00   19.34954
  902.00   19.21922
  903.00   19.19212
  904.00   19.27293
  905.00   19.19483
  906.00   19.27767
  907.00   19.34168
  908.00   19.20951
  909.00   19.24731
  910.00   19.30219
  911.00   19.17339
  912.00   19.24008
  913.00   19.27525
  914.00   19.20466
  915.00   19.23038
  916.00   19.35002
  917.00   19.15128
  918.00   19.15722
  919.00   19.33520
  920.00   19.05391
  921.00   19.13842
  922.00   19.25769
  923.00   19.17413
  924.00   19.22214
  925.00   19.33966
  926.00   19.13422
  927.00   19.24679
  928.00   19.15878
  929.00   19.27500
  930.00   19.28542
  931.00   19.22049
  932.00   19.23311
  933.00   19.29924
  934.00   19.20393
  935.00   19.14966
  936.00   19.19717
  937.00   19.33515
  938.00   19.21698
  939.00   19.27063
  940.00   19.16909
  941.00   19.19319
  942.00   19.17240
  943.00   19.25867
  944.00   19.24881
  945.00   19.35227
  946.00   19.21175
  947.00   19.26118
  948.00   19.32978
  949.00   19.40156
  950.00   19.33385
  951.00   19.40842
  952.00   19.28363
  953.00   19.44444
  954.00   19.44085
  955.00   19.34591
  956.00   19.37943
  957.00   19.43764
  958.00   19.51647
  959.00   19.37227
  960.00   19.45134
  961.00   19.36522
  962.00   19.40150
  963.00   19.44269
  964.00   19.31723
  965.00   19.45080
  966.00   19.50093
  967.00   19.38588
  968.00   19.46134
  969.00   19.51219
  970.00   19.42267
  971.00   19.40801
  972.00   19.45058
  973.00   19.53060
  974.00   19.46247
  975.00   19.52243
  976.00   19.58982
  977.00   19.47065
  978.00   19.50184
  979.00   19.61538
  980.00   19.46272
  981.00   19.48101
  982.00   19.56870
  983.00   19.43897
  984.00   19.42126
  985.00   19.53923
  986.00   19.45557
  987.00   19.50547
  988.00   19.40491
  989.00   19.57331
  990.00   19.53241
  991.00   19.50140
  992.00   19.54942
  993.00   19.54742
  994.00   19.47572
  995.00   19.55559
  996.00   19.61105
  997.00   19.51130
  998.00   19.52071
  999.00   19.65056
 1000.00   19.69704
 1001.00   19.59888
 1002.00   19.61907
 1003.00   19.72207
 1004.00   19.64953
 1005.00   19.67206
 1006.00   19.60734
 1007.00   19.58921
 1008.00   19.63376
 1009.00   19.69623
 1010.00   19.56619
 1011.00   19.59443
 1012.00   19.66736
 1013.00   19.56676
 1014.00   19.64882
 1015.00   19.51350
 1016.00   19.56112
 1017.00   19.58898
 1018.00   19.48139
 1019.00   19.58347
 1020.00   19.64177
 1021.00   19.53444
 1022.00   19.54930
 1023.00   19.64078
 1024.00   19.65886
 1025.00   19.56804
 1026.00   19.61693
 1027.00   19.46587
 1028.00   19.47030
 1029.00   19.39336
 1030.00   19.52817
 1031.00   19.50703
 1032.00   19.53758
 1033.00   19.40953
 1034.00   19.44034
 1035.00   19.49976
 1036.00   19.52582
 1037.00   19.45235
 1038.00   19.49015
 1039.00   19.55553
 1040.00   19.59266
 1041.00   19.60398
 1042.00   19.51611
 1043.00   19.66687
 1044.00   19.61843
 1045.00   19.56408
 1046.00   19.62451
 1047.00   19.62230
 1048.00   19.53668
 1049.00   19.62116
 1050.00   19.57445
 1051.00   19.68642
 1052.00   19.51676
 1053.00   19.53786
 1054.00   19.63110
 1055.00   19.59778
 1056.00   19.59705
 1057.00   19.69105
 1058.00   19.61770
 1059.00   19.64210
 1060.00   19.52836
 1061.00   19.57020
 1062.00   19.58438
 1063.00   19.52168
 1064.00   19.68422
 1065.00   19.58158
 1066.00   19.54876
 1067.00   19.53517
 1068.00   19.51580
 1069.00   19.64802
 1070.00   19.68857
 1071.00   19.70464
 1072.00   19.60972
 1073.00   19.62973
 1074.00   19.68854
 1075.00   19.57838
 1076.00   19.65868
 1077.00   19.66453
 1078.00   19.79835
 1079.00   19.63737
 1080.00   19.64897
 1081.00   19.76524
 1082.00   19.67674
 1083.00   19.71515
 1084.00   19.57891
 1085.00   19.71539
 1086.00   19.72971
 1087.00   19.64851
 1088.00   19.70824
 1089.00   19.67411
 1090.00   19.80702
 1091.00   19.84962
 1092.00   19.84642
 1093.00   19.80082
 1094.00   19.86777
 1095.00   19.90086
 1096.00   19.82542
 1097.00   19.77395
 1098.00   19.82938
 1099.00   19.92568
 1100.00   19.83905
 1101.00   19.80275
 1102.00   19.75214
 1103.00   19.77804
 1104.00   19.80305
 1105.00   19.72526
 1106.00   19.73084
 1107.00   19.76080
 1108.00   19.81244
 1109.00   19.79384
 1110.00   19.80709
 1111.00   19.68552
 1112.00   19.69886
 1113.00   19.77751
 1114.00   19.64442
 1115.00   19.71809
 1116.00   19.76350
 1117.00   19.80480
 1118.00   19.73777
 1119.00   19.77626
 1120.00   19.84591
 1121.00   19.71889
 1122.00   19.75443
 1123.00   19.80900
 1124.00   19.75502
 1125.00   19.78662
 1126.00   19.87585
 1127.00   19.80620
 1128.00   19.86390
 1129.00   19.88650
 1130.00   19.81775
 1131.00   19.88067
 1132.00   19.90946
 1133.00   19.90627
 1134.00   19.92663
 1135.00   19.86808
 1136.00   19.83041
 1137.00   19.90425
 1138.00   19.96029
 1139.00   19.89465
 1140.00   19.93394
 1141.00   19.89571
 1142.00   19.94900
 1143.00   19.98297
 1144.00   19.89780
 1145.00   19.92886
 1146.00   19.97421
 1147.00   20.06491
 1148.00   19.89539
 1149.00   19.94507
 1150.00   20.01553
 1151.00   19.98977
 1152.00   20.00193
 1153.00   19.93154
 1154.00   20.02225
 1155.00   20.07794
 1156.00   19.99334
 1157.00   19.92552
 1158.00   20.01060
 1159.00   20.00552
 1160.00   19.92179
 1161.00   19.99919
 1162.00   19.88137
 1163.00   19.89958
 1164.00   19.95906
 1165.00   19.81709
 1166.00   19.74053
 1167.00   19.77509
 1168.00   19.88745
 1169.00   19.73349
 1170.00   19.74779
 1171.00   19.81496
 1172.00   19.86066
 1173.00   19.83749
 1174.00   19.81418
 1175.00   19.84106
 1176.00   19.91510
 1177.00   19.81626
 1178.00   19.92599
 1179.00   19.97977
 1180.00   19.89137
 1181.00   19.90484
 1182.00   19.96880
 1183.00   20.04706
 1184.00   19.92559
 1185.00   19.93169
 1186.00   19.93352
 1187.00   19.86655
 1188.00   19.96892
 1189.00   19.96928
 1190.00   19.90032
 1191.00   19.88946
 1192.00   19.84821
 1193.00   19.89646
 1194.00   19.94513
 1195.00   19.84084
 1196.00   19.84939
 1197.00   19.89264
 1198.00   19.84060
 1199.00   19.82373
 1200.00   19.89259
 1201.00   19.81301
 1202.00   19.90736
 1203.00   19.94864
 1204.00   19.87422
 1205.00   19.88814
 1206.00   19.93880
 1207.00   19.97675
 1208.00   19.88143
 1209.00   19.95447
 1210.00   19.96628
 1211.00   19.95415
 1212.00   19.97036
 1213.00   19.95410
 1214.00   19.96517
 1215.00   20.01908
 1216.00   19.95630
 1217.00   19.96937
 1218.00   20.02345
 1219.00   20.05490
 1220.00   20.03856
 1221.00   20.05860
 1222.00   19.96707
 1223.00   19.90286
 1224.00   19.94408
 1225.00   19.97908
 1226.00   19.88227
 1227.00   19.97696
 1228.00   19.99189
 1229.00   19.94226
 1230.00   19.93761
 1231.00   19.94819
 1232.00   19.85053
 1233.00   19.94273
 1234.00   19.96737
 1235.00   19.85399
 1236.00   19.97164
 1237.00   19.99508
 1238.00   19.94065
 1239.00   19.98510
 1240.00   20.01485
 1241.00   20.00041
 1242.00   20.06190
 1243.00   19.96939
 1244.00   19.92265
 1245.00   19.93759
 1246.00   20.00036
 1247.00   19.95931
 1248.00   20.00273
 1249.00   19.91849
 1250.00   19.92278
 1251.00   19.93471
 1252.00   19.94736
 1253.00   19.86625
 1254.00   19.90472
 1255.00   19.95080
 1256.00   19.82907
 1257.00   19.91715
 1258.00   19.92834
 1259.00   19.96094
 1260.00   19.96296
 1261.00   19.86555
 1262.00   19.80730
 1263.00   19.83875
 1264.00   19.88351
 1265.00   19.85519
 1266.00   19.90157
 1267.00   19.83797
 1268.00   19.88518
 1269.00   19.86684
 1270.00   19.98490
 1271.00   19.91405
 1272.00   19.93820
 1273.00   19.87618
 1274.00   19.79802
 1275.00   19.86868
 1276.00   19.94563
 1277.00   19.90172
 1278.00   19.90648
 1279.00   19.88002
 1280.00   19.93390
 1281.00   19.95627
 1282.00   19.90411
 1283.00   19.92985
 1284.00   19.94023
 1285.00   19.89089
 1286.00   19.91943
 1287.00   19.93499
 1288.00   19.85327
 1289.00   19.80504
 1290.00   19.83459
 1291.00   19.88447
 1292.00   19.75432
 1293.00   19.77663
 1294.00   19.83346
 1295.00   19.86827
 1296.00   19.88274
 1297.00   19.79423
 1298.00   19.93169
 1299.00   19.91830
 1300.00   19.81672
 1301.00   19.88926
 1302.00   19.87598
 1303.00   19.94512
 1304.00   19.95887
 1305.00   19.98798
 1306.00   19.91014
 1307.00   19.96107
 1308.00   19.94272
 1309.00   19.88960
 1310.00   19.92178
 1311.00   19.92930
 1312.00   19.86261
 1313.00   19.85391
 1314.00   19.93581
 1315.00   19.83089
 1316.00   19.95540
 1317.00   19.96755
 1318.00   19.87674
 1319.00   19.89019
 1320.00   19.95588
 1321.00   19.98263
 1322.00   19.98724
 1323.00   20.00404
 1324.00   19.88646
 1325.00   19.92147
 1326.00   19.91449
 1327.00   19.81766
 1328.00   19.75772
 1329.00   19.79275
 1330.00   19.85895
 1331.00   19.74955
 1332.00   19.75983
 1333.00   19.81239
 1334.00   19.75926
 1335.00   19.83586
 1336.00   19.70321
 1337.00   19.87145
 1338.00   19.87692
 1339.00   19.75301
 1340.00   19.83476
 1341.00   19.84111
 1342.00   19.89246
 1343.00   19.94793
 1344.00   19.93713
 1345.00   19.86562
 1346.00   19.96723
 1347.00   20.01407
 1348.00   19.87815
 1349.00   19.91858
 1350.00   19.91341
 1351.00   19.85702
 1352.00   19.89075
 1353.00   19.88816
 1354.00   19.84538
 1355.00   19.77998
 1356.00   19.82766
 1357.00   19.89273
 1358.00   19.79629
 1359.00   19.75952
 1360.00   19.83833
 1361.00   19.70006
 1362.00   19.75302
 1363.00   19.77487
 1364.00   19.65891
 1365.00   19.68263
 1366.00   19.73068
 1367.00   19.65419
 1368.00   19.72428
 1369.00   19.74738
 1370.00   19.75773
 1371.00   19.79283
 1372.00   19.68298
 1373.00   19.68526
 1374.00   19.74812
 1375.00   19.65226
 1376.00   19.69634
 1377.00   19.69298
 1378.00   19.65015
 1379.00   19.63203
 1380.00   19.66030
 1381.00   19.77890
 1382.00   19.58290
 1383.00   19.61871
 1384.00   19.70072
 1385.00   19.52287
 1386.00   19.63405
 1387.00   19.63699
 1388.00   19.58810
 1389.00   19.55501
 1390.00   19.45292
 1391.00   19.50515
 1392.00   19.52131
 1393.00   19.56033
 1394.00   19.56942
 1395.00   19.53954
 1396.00   19.41334
 1397.00   19.52634
 1398.00   19.48478
 1399.00   19.58271
 1400.00   19.51314
 1401.00   19.47277
 1402.00   19.53749
 1403.00   19.56444
 1404.00   19.54629
 1405.00   19.49343
 1406.00   19.57152
 1407.00   19.58391
 1408.00   19.56554
 1409.00   19.61883
 1410.00   19.59172
 1411.00   19.54475
 1412.00   19.63446
 1413.00   19.64003
 1414.00   19.59267
 1415.00   19.56845
 1416.00   19.55166
 1417.00   19.63662
 1418.00   19.57269
 1419.00   19.57050
 1420.00   19.50796
 1421.00   19.55025
 1422.00   19.52851
 1423.00   19.59461
 1424.00   19.50341
 1425.00   19.55473
 1426.00   19.58305
 1427.00   19.46526
 1428.00   19.46415
 1429.00   19.57088
 1430.00   19.52094
 1431.00   19.47890
 1432.00   19.43628
 1433.00   19.50420
 1434.00   19.53806
 1435.00   19.44102
 1436.00   19.45346
 1437.00   19.54655
 1438.00   19.55958
 1439.00   19.47524
 1440.00   19.50658
 1441.00   19.43336
 1442.00   19.40557
 1443.00   19.44958
 1444.00   19.54091
 1445.00   19.37392
 1446.00   19.38151
 1447.00   19.44794
 1448.00   19.43775
 1449.00   19.40749
 1450.00   19.48928
 1451.00   19.52269
 1452.00   19.53051
 1453.00   19.48090
 1454.00   19.42454
 1455.00   19.44483
 1456.00   19.57843
 1457.00   19.41558
 1458.00   19.40181
 1459.00   19.46787
 1460.00   19.40958
 1461.00   19.34561
 1462.00   19.44110
 1463.00   19.38977
 1464.00   19.39480
 1465.00   19.27491
 1466.00   19.42364
 1467.00   19.43632
 1468.00   19.35702
 1469.00   19.51331
 1470.00   19.45733
 1471.00   19.35281
 1472.00   19.50846
 1473.00   19.57333
 1474.00   19.45201
 1475.00   19.37654
 1476.00   19.43356
 1477.00   19.46625
 1478.00   19.49211
 1479.00   19.46720
 1480.00   19.32716
 1481.00   19.48000
 1482.00   19.50368
 1483.00   19.42047
 1484.00   19.50803
 1485.00   19.50626
 1486.00   19.44400
 1487.00   19.51235
 1488.00   19.55272
 1489.00   19.45588
 1490.00   19.60802
 1491.00   19.53870
 1492.00   19.47564
 1493.00   19.49197
 1494.00   19.46579
 1495.00   19.47404
 1496.00   19.44933
 1497.00   19.49907
