    1.00    0.00000
    2.00    0.20515
    3.00    0.20102
    4.00    0.19476
    5.00    0.38992
    6.00    0.37874
    7.00    0.08233
    8.00    0.30418
    9.00    0.30008
   10.00    0.53468
   11.00    0.71631
   12.00    0.70276
   13.00    0.36308
   14.00    0.89771
   15.00    0.88207
   16.00    0.53707
   17.00    0.76245
   18.00    0.75353
   19.00    1.05227
   20.00    0.89175
   21.00    0.89098
   22.00    1.21542
   23.00    1.05476
   24.00    1.09605
   25.00    1.38125
   26.00    1.54977
   27.00    1.54716
   28.00    1.21553
   29.00    1.72069
   30.00    1.71133
   31.00    1.38252
   32.00    1.56031
   33.00    1.59173
   34.00    1.88631
   35.00    2.05478
   36.00    2.04981
   37.00    1.71597
   38.00    1.89021
   39.00    1.92174
   40.00    2.22194
   41.00    2.38808
   42.00    2.38471
   43.00    2.05363
   44.00    2.21989
   45.00    2.24645
   46.00    2.55409
   47.00    2.71647
   48.00    2.71662
   49.00    2.38623
   50.00    2.87680
   51.00    2.87515
   52.00    2.55161
   53.00    3.03837
   54.00    3.03481
   55.00    2.71026
   56.00    3.19505
   57.00    3.19324
   58.00    2.87130
   59.00    3.35212
   60.00    3.34972
   61.00    3.02616
   62.00    3.50691
   63.00    3.50286
   64.00    3.18542
   65.00    3.65975
   66.00    3.65791
   67.00    3.34196
   68.00    3.81350
   69.00    3.81166
   70.00    3.49318
   71.00    3.96791
   72.00    3.96583
   73.00    3.64318
   74.00    4.12026
   75.00    4.09400
   76.00    3.79981
   77.00    3.95459
   78.00    3.94154
   79.00    4.28551
   80.00    4.43598
   81.00    4.41715
   82.00    4.11597
   83.00    4.58767
   84.00    4.56462
   85.00    4.27138
   86.00    4.42459
   87.00    4.43384
   88.00    4.75407
   89.00    4.91040
   90.00    4.91707
   91.00    4.58526
   92.00    5.06027
   93.00    5.04194
   94.00    4.75051
   95.00    4.89730
   96.00    4.90537
   97.00    5.22831
   98.00    5.06087
   99.00    5.07359
  100.00    5.39024
  101.00    5.22279
  102.00    5.23631
  103.00    5.55575
  104.00    5.38654
  105.00    5.39784
  106.00    5.71934
  107.00    5.88465
  108.00    5.86357
  109.00    5.54824
  110.00    6.03857
  111.00    6.02345
  112.00    5.71298
  113.00    6.18649
  114.00    6.17078
  115.00    5.86943
  116.00    6.01064
  117.00    6.02134
  118.00    6.35135
  119.00    6.50755
  120.00    6.49246
  121.00    6.17367
  122.00    6.32897
  123.00    6.33989
  124.00    6.67154
  125.00    6.82658
  126.00    6.81390
  127.00    6.49244
  128.00    6.96858
  129.00    6.95452
  130.00    6.65592
  131.00    7.10961
  132.00    7.09801
  133.00    6.80259
  134.00    6.93542
  135.00    6.94202
  136.00    7.27779
  137.00    7.10682
  138.00    7.11418
  139.00    7.44469
  140.00    7.27417
  141.00    7.26927
  142.00    7.60981
  143.00    7.77772
  144.00    7.77138
  145.00    7.42744
  146.00    7.60149
  147.00    7.59498
  148.00    7.93980
  149.00    7.76663
  150.00    7.76191
  151.00    8.09493
  152.00    7.92777
  153.00    7.93188
  154.00    8.25785
  155.00    8.07604
  156.00    8.08380
  157.00    8.42378
  158.00    8.24157
  159.00    8.25105
  160.00    8.58400
  161.00    8.41281
  162.00    8.42508
  163.00    8.74442
  164.00    8.57343
  165.00    8.58657
  166.00    8.90819
  167.00    8.73685
  168.00    8.72627
  169.00    9.06961
  170.00    8.89469
  171.00    8.88862
  172.00    9.23203
  173.00    9.40534
  174.00    9.39975
  175.00    9.06178
  176.00    9.23218
  177.00    9.22835
  178.00    9.55918
  179.00    9.73009
  180.00    9.72177
  181.00    9.38597
  182.00    9.55770
  183.00    9.55370
  184.00    9.88071
  185.00   10.04699
  186.00   10.04199
  187.00    9.70568
  188.00   10.20417
  189.00   10.20113
  190.00    9.86911
  191.00   10.35705
  192.00   10.35525
  193.00   10.02435
  194.00   10.50301
  195.00   10.49638
  196.00   10.19055
  197.00   10.64636
  198.00   10.63806
  199.00   10.34135
  200.00   10.78670
  201.00   10.77907
  202.00   10.48688
  203.00   10.92771
  204.00   10.92022
  205.00   10.63164
  206.00   10.73500
  207.00   10.73703
  208.00   11.09760
  209.00   11.24665
  210.00   11.23793
  211.00   10.92913
  212.00   11.06079
  213.00   11.06214
  214.00   11.42216
  215.00   11.56963
  216.00   11.56777
  217.00   11.25065
  218.00   11.70377
  219.00   11.69403
  220.00   11.41111
  221.00   11.82970
  222.00   11.81957
  223.00   11.53983
  224.00   11.95710
  225.00   11.95353
  226.00   11.66621
  227.00   12.09185
  228.00   12.08210
  229.00   11.80125
  230.00   12.22907
  231.00   12.22030
  232.00   11.93552
  233.00   12.36744
  234.00   12.35982
  235.00   12.07426
  236.00   12.50724
  237.00   12.50448
  238.00   12.21156
  239.00   12.32702
  240.00   12.32900
  241.00   12.68082
  242.00   12.82972
  243.00   12.82203
  244.00   12.51900
  245.00   12.96681
  246.00   12.96417
  247.00   12.67619
  248.00   12.78517
  249.00   12.78814
  250.00   13.13925
  251.00   12.96761
  252.00   12.96463
  253.00   13.30648
  254.00   13.13831
  255.00   13.13605
  256.00   13.47457
  257.00   13.30609
  258.00   13.30266
  259.00   13.64038
  260.00   13.80147
  261.00   13.80271
  262.00   13.46973
  263.00   13.63379
  264.00   13.62875
  265.00   13.96496
  266.00   14.12355
  267.00   14.11274
  268.00   13.79460
  269.00   14.27074
  270.00   14.26012
  271.00   13.95811
  272.00   14.40919
  273.00   14.40628
  274.00   14.10750
  275.00   14.22746
  276.00   14.22505
  277.00   14.57457
  278.00   14.72228
  279.00   14.71154
  280.00   14.41158
  281.00   14.85699
  282.00   14.84787
  283.00   14.56627
  284.00   14.98936
  285.00   14.97952
  286.00   14.70474
  287.00   15.12251
  288.00   15.11980
  289.00   14.83935
  290.00   15.25273
  291.00   15.25085
  292.00   14.97046
  293.00   15.37853
  294.00   15.37826
  295.00   15.11493
  296.00   15.51088
  297.00   15.50775
  298.00   15.24176
  299.00   15.64127
  300.00   15.62610
  301.00   15.37195
  302.00   15.77791
  303.00   15.76847
  304.00   15.49374
  305.00   15.91122
  306.00   15.90925
  307.00   15.63989
  308.00   16.04606
  309.00   16.04468
  310.00   15.77393
  311.00   16.18456
  312.00   16.17510
  313.00   15.89904
  314.00   16.31181
  315.00   16.30199
  316.00   16.04977
  317.00   16.44810
  318.00   16.43838
  319.00   16.16976
  320.00   16.58672
  321.00   16.58374
  322.00   16.30493
  323.00   16.42764
  324.00   16.42507
  325.00   16.75373
  326.00   16.88880
  327.00   16.87203
  328.00   16.62023
  329.00   17.01860
  330.00   17.00185
  331.00   16.75967
  332.00   17.14994
  333.00   17.14865
  334.00   16.88904
  335.00   16.99150
  336.00   16.99347
  337.00   17.31699
  338.00   17.20585
  339.00   17.21407
  340.00   17.43044
  341.00   17.31345
  342.00   17.30821
  343.00   17.54151
  344.00   17.41589
  345.00   17.43658
  346.00   17.63906
  347.00   17.73489
  348.00   17.73328
  349.00   17.52495
  350.00   17.61045
  351.00   17.59481
  352.00   17.87109
  353.00   17.74681
  354.00   17.75022
  355.00   18.00277
  356.00   17.89028
  357.00   17.87465
  358.00   18.11507
  359.00   18.00241
  360.00   17.98717
  361.00   18.22545
  362.00   18.11238
  363.00   18.09644
  364.00   18.33330
  365.00   18.34213
  366.00   18.35570
  367.00   18.34381
  368.00   18.33242
  369.00   18.38533
  370.00   18.34829
  371.00   18.33096
  372.00   18.28567
  373.00   18.39412
  374.00   18.34145
  375.00   18.35721
  376.00   18.41930
  377.00   18.28159
  378.00   18.30919
  379.00   18.45603
  380.00   18.54632
  381.00   18.45384
  382.00   18.38443
  383.00   18.53702
  384.00   18.48901
  385.00   18.52991
  386.00   18.51295
  387.00   18.55143
  388.00   18.53826
  389.00   18.54272
  390.00   18.52432
  391.00   18.55936
  392.00   18.51383
  393.00   18.57607
  394.00   18.58162
  395.00   18.47544
  396.00   18.51463
  397.00   18.55759
  398.00   18.47793
  399.00   18.44388
  400.00   18.59870
  401.00   18.58793
  402.00   18.57174
  403.00   18.61087
  404.00   18.59856
  405.00   18.54486
  406.00   18.56012
  407.00   18.51400
  408.00   18.54899
  409.00   18.53891
  410.00   18.48862
  411.00   18.50085
  412.00   18.57375
  413.00   18.57195
  414.00   18.56159
  415.00   18.56450
  416.00   18.56162
  417.00   18.55781
  418.00   18.53890
  419.00   18.57274
  420.00   18.54188
  421.00   18.56658
  422.00   18.56933
  423.00   18.57984
  424.00   18.54999
  425.00   18.53833
  426.00   18.53251
  427.00   18.60382
  428.00   18.56749
  429.00   18.58965
  430.00   18.62023
  431.00   18.52143
  432.00   18.58799
  433.00   18.62261
  434.00   18.55410
  435.00   18.63419
  436.00   18.67908
  437.00   18.65915
  438.00   18.69821
  439.00   18.68210
  440.00   18.67515
  441.00   18.70340
  442.00   18.68856
  443.00   18.66510
  444.00   18.73797
  445.00   18.66735
  446.00   18.69007
  447.00   18.74701
  448.00   18.73223
  449.00   18.64793
  450.00   18.68895
  451.00   18.66185
  452.00   18.62031
  453.00   18.63735
  454.00   18.71989
  455.00   18.60730
  456.00   18.58647
  457.00   18.64485
  458.00   18.68041
  459.00   18.66129
  460.00   18.58869
  461.00   18.69477
  462.00   18.64884
  463.00   18.70462
  464.00   18.63668
  465.00   18.62044
  466.00   18.65392
  467.00   18.57606
  468.00   18.65432
  469.00   18.66150
  470.00   18.62839
  471.00   18.67592
  472.00   18.70393
  473.00   18.66761
  474.00   18.70029
  475.00   18.71581
  476.00   18.66491
  477.00   18.71848
  478.00   18.77921
  479.00   18.76827
  480.00   18.76170
  481.00   18.78178
  482.00   18.73950
  483.00   18.75111
  484.00   18.76816
  485.00   18.71704
  486.00   18.79784
  487.00   18.74355
  488.00   18.76207
  489.00   18.82902
  490.00   18.81282
  491.00   18.78255
  492.00   18.80715
  493.00   18.81256
  494.00   18.77566
  495.00   18.79910
  496.00   18.83515
  497.00   18.75975
  498.00   18.85092
  499.00   18.83470
  500.00   18.79924
  501.00   18.87307
  502.00   18.84217
  503.00   18.81801
  504.00   18.87500
  505.00   18.84208
  506.00   18.83286
  507.00   18.86459
  508.00   18.86318
  509.00   18.83578
  510.00   18.86687
  511.00   18.85870
  512.00   18.81278
  513.00   18.85143
  514.00   18.85188
  515.00   18.79658
  516.00   18.81893
  517.00   18.86535
  518.00   18.77268
  519.00   18.82354
  520.00   18.81942
  521.00   18.78223
  522.00   18.80725
  523.00   18.82073
  524.00   18.79434
  525.00   18.77001
  526.00   18.82184
  527.00   18.74084
  528.00   18.73133
  529.00   18.78830
  530.00   18.75775
  531.00   18.76502
  532.00   18.81269
  533.00   18.75697
  534.00   18.79280
  535.00   18.75890
  536.00   18.76614
  537.00   18.79967
  538.00   18.85731
  539.00   18.85971
  540.00   18.88492
  541.00   18.88704
  542.00   18.89300
  543.00   18.90803
  544.00   18.89998
  545.00   18.84278
  546.00   18.86897
  547.00   18.96335
  548.00   18.86923
  549.00   18.88190
  550.00   18.90397
  551.00   18.85993
  552.00   18.83716
  553.00   18.93186
  554.00   18.88534
  555.00   18.94120
  556.00   18.95488
  557.00   18.90264
  558.00   18.95032
  559.00   18.96610
  560.00   18.93310
  561.00   18.93697
  562.00   19.00018
  563.00   18.96626
  564.00   19.02856
  565.00   19.02773
  566.00   18.96508
  567.00   19.04633
  568.00   19.08741
  569.00   19.00299
  570.00   19.06144
  571.00   19.09569
  572.00   19.05054
  573.00   19.13770
  574.00   19.07000
  575.00   19.09430
  576.00   19.07829
  577.00   19.11064
  578.00   19.10558
  579.00   19.08027
  580.00   19.14337
  581.00   19.06750
  582.00   19.10014
  583.00   19.09322
  584.00   19.05892
  585.00   19.06430
  586.00   19.07824
  587.00   19.04679
  588.00   19.13967
  589.00   19.09134
  590.00   19.08231
  591.00   19.08076
  592.00   19.16725
  593.00   19.06638
  594.00   19.01509
  595.00   19.07876
  596.00   18.94653
  597.00   19.03717
  598.00   19.05370
  599.00   18.99001
  600.00   19.04462
  601.00   19.08504
  602.00   19.03120
  603.00   19.08594
  604.00   19.13438
  605.00   18.99535
  606.00   19.09261
  607.00   19.13568
  608.00   19.08192
  609.00   19.14843
  610.00   19.17787
  611.00   19.17235
  612.00   19.20881
  613.00   19.15074
  614.00   19.15141
  615.00   19.15475
  616.00   19.13375
  617.00   19.11700
  618.00   19.15444
  619.00   19.11687
  620.00   19.11151
  621.00   19.07975
  622.00   19.12003
  623.00   19.09068
  624.00   19.12547
  625.00   19.11288
  626.00   19.11402
  627.00   19.08197
  628.00   19.14661
  629.00   19.13611
  630.00   19.18859
  631.00   19.15630
  632.00   19.19793
  633.00   19.21900
  634.00   19.18776
  635.00   19.16888
  636.00   19.20243
  637.00   19.19953
  638.00   19.22642
  639.00   19.18182
  640.00   19.17768
  641.00   19.13430
  642.00   19.20757
  643.00   19.21596
  644.00   19.17470
  645.00   19.24115
  646.00   19.18206
  647.00   19.24248
  648.00   19.17469
  649.00   19.15783
  650.00   19.11693
  651.00   19.16597
  652.00   19.19164
  653.00   19.18707
  654.00   19.24085
  655.00   19.18570
  656.00   19.21654
  657.00   19.17359
  658.00   19.14022
  659.00   19.19795
  660.00   19.14129
  661.00   19.10389
  662.00   19.13409
  663.00   19.14479
  664.00   19.19266
  665.00   19.18527
  666.00   19.24147
  667.00   19.19452
  668.00   19.24554
  669.00   19.16711
  670.00   19.10791
  671.00   19.13898
  672.00   19.09562
  673.00   19.08055
  674.00   19.12871
  675.00   19.05040
  676.00   19.07854
  677.00   19.13961
  678.00   19.07403
  679.00   19.07237
  680.00   19.14265
  681.00   19.16649
  682.00   19.12911
  683.00   19.18329
  684.00   19.12084
  685.00   19.09388
  686.00   19.10013
  687.00   19.03815
  688.00   19.08727
  689.00   19.07455
  690.00   19.04041
  691.00   19.03677
  692.00   19.06383
  693.00   19.05634
  694.00   19.02069
  695.00   19.04044
  696.00   18.96238
  697.00   19.01489
  698.00   18.98710
  699.00   19.03505
  700.00   19.00964
  701.00   19.01331
  702.00   19.04641
  703.00   19.01879
  704.00   19.05388
  705.00   19.05521
  706.00   19.03771
  707.00   19.05348
  708.00   19.10485
  709.00   19.06345
  710.00   19.10914
  711.00   19.09296
  712.00   19.08536
  713.00   19.07534
  714.00   19.09495
  715.00   19.13047
  716.00   19.13179
  717.00   19.13708
  718.00   19.17261
  719.00   19.15188
  720.00   19.21996
  721.00   19.18799
  722.00   19.22660
  723.00   19.22722
  724.00   19.26779
  725.00   19.24649
  726.00   19.31817
  727.00   19.28417
  728.00   19.27421
  729.00   19.33276
  730.00   19.30840
  731.00   19.27117
  732.00   19.37066
  733.00   19.28642
  734.00   19.29587
  735.00   19.30053
  736.00   19.26153
  737.00   19.23025
  738.00   19.24041
  739.00   19.24410
  740.00   19.25611
  741.00   19.25712
  742.00   19.23006
  743.00   19.23701
  744.00   19.22283
  745.00   19.22894
  746.00   19.19813
  747.00   19.17644
  748.00   19.22870
  749.00   19.18708
  750.00   19.18686
  751.00   19.19423
  752.00   19.24406
  753.00   19.11946
  754.00   19.20879
  755.00   19.24959
  756.00   19.14293
  757.00   19.22862
  758.00   19.19805
  759.00   19.22327
  760.00   19.25930
  761.00   19.15218
  762.00   19.25226
  763.00   19.25103
  764.00   19.22255
  765.00   19.23210
  766.00   19.31379
  767.00   19.19062
  768.00   19.22438
  769.00   19.24961
  770.00   19.23661
  771.00   19.19904
  772.00   19.25657
  773.00   19.27946
  774.00   19.20540
  775.00   19.21701
  776.00   19.19458
  777.00   19.20318
  778.00   19.24871
  779.00   19.26054
  780.00   19.26664
  781.00   19.21390
  782.00   19.22601
  783.00   19.20126
  784.00   19.15140
  785.00   19.12612
  786.00   19.14082
  787.00   19.15683
  788.00   19.18152
  789.00   19.11268
  790.00   19.13273
  791.00   19.20228
  792.00   19.19276
  793.00   19.18964
  794.00   19.18774
  795.00   19.16192
  796.00   19.20349
  797.00   19.11503
  798.00   19.12763
  799.00   19.17022
  800.00   19.09038
  801.00   19.06591
  802.00   19.15626
  803.00   19.06704
  804.00   19.05216
  805.00   19.08418
  806.00   19.09036
  807.00   19.06609
  808.00   19.03744
  809.00   19.00146
  810.00   18.99577
  811.00   19.03948
  812.00   19.01952
  813.00   18.89481
  814.00   18.96181
  815.00   18.86952
  816.00   18.81521
  817.00   18.95371
  818.00   18.85069
  819.00   18.80905
  820.00   18.78533
  821.00   18.81886
  822.00   18.76703
  823.00   18.75519
  824.00   18.74632
  825.00   18.72906
  826.00   18.74655
  827.00   18.73699
  828.00   18.76523
  829.00   18.72647
  830.00   18.74127
  831.00   18.69547
  832.00   18.72968
  833.00   18.72888
  834.00   18.81376
  835.00   18.74473
  836.00   18.77767
  837.00   18.69459
  838.00   18.68564
  839.00   18.68930
  840.00   18.65828
  841.00   18.68911
  842.00   18.68045
  843.00   18.72537
  844.00   18.66617
  845.00   18.61803
  846.00   18.60456
  847.00   18.67355
  848.00   18.64064
  849.00   18.66032
  850.00   18.68154
  851.00   18.69018
  852.00   18.68346
  853.00   18.61669
  854.00   18.56150
  855.00   18.58108
  856.00   18.59869
  857.00   18.52192
  858.00   18.58671
  859.00   18.55742
  860.00   18.55058
  861.00   18.54343
  862.00   18.51094
  863.00   18.47840
  864.00   18.50675
  865.00   18.50002
  866.00   18.55706
  867.00   18.50842
  868.00   18.46468
  869.00   18.38907
  870.00   18.43049
  871.00   18.50311
  872.00   18.44525
  873.00   18.46922
  874.00   18.53462
  875.00   18.47981
  876.00   18.49381
  877.00   18.49177
  878.00   18.55680
  879.00   18.52211
  880.00   18.47304
  881.00   18.50334
  882.00   18.52976
  883.00   18.41577
  884.00   18.50576
  885.00   18.52542
  886.00   18.51028
  887.00   18.51148
  888.00   18.52151
  889.00   18.47568
  890.00   18.53384
  891.00   18.47078
  892.00   18.45324
  893.00   18.50485
  894.00   18.50113
  895.00   18.38754
  896.00   18.56353
  897.00   18.53405
  898.00   18.47594
  899.00   18.52803
  900.00   18.48236
  901.00   18.43917
  902.00   18.47641
  903.00   18.46765
  904.00   18.38920
  905.00   18.39084
  906.00   18.44057
  907.00   18.30779
  908.00   18.27256
  909.00   18.29928
  910.00   18.31023
  911.00   18.35129
  912.00   18.35218
  913.00   18.23057
  914.00   18.19634
  915.00   18.17733
  916.00   18.26258
  917.00   18.24518
  918.00   18.23738
  919.00   18.13079
  920.00   18.14826
  921.00   18.12554
  922.00   18.08354
  923.00   18.03714
  924.00   18.02180
  925.00   18.16297
  926.00   18.10603
  927.00   18.12305
  928.00   18.20493
  929.00   18.02880
  930.00   18.12608
  931.00   18.15570
  932.00   18.18705
  933.00   18.15810
  934.00   18.09938
  935.00   18.08147
  936.00   18.13805
  937.00   18.19897
  938.00   18.16539
  939.00   18.14496
  940.00   18.21732
  941.00   18.08673
  942.00   18.07158
  943.00   18.16644
  944.00   18.08250
  945.00   18.06054
  946.00   18.08988
  947.00   18.10006
  948.00   18.01124
  949.00   18.11904
  950.00   17.99369
  951.00   18.03019
  952.00   18.01570
  953.00   18.03480
  954.00   17.90071
  955.00   18.03384
  956.00   18.00359
  957.00   17.97833
  958.00   18.07902
  959.00   18.00833
  960.00   17.98338
  961.00   17.95880
  962.00   18.04408
  963.00   17.93865
  964.00   17.92075
  965.00   18.05752
  966.00   18.03406
  967.00   18.00419
  968.00   18.00566
  969.00   18.02854
  970.00   18.01860
  971.00   18.08762
  972.00   18.03011
  973.00   18.01112
  974.00   18.01987
  975.00   17.89871
  976.00   17.99390
  977.00   17.99133
  978.00   17.97845
  979.00   18.08900
  980.00   18.07554
  981.00   18.16680
  982.00   18.05239
  983.00   18.18800
  984.00   18.08139
  985.00   18.14623
  986.00   18.19073
  987.00   18.14263
  988.00   18.06747
  989.00   18.16028
  990.00   18.06028
  991.00   18.16381
  992.00   18.04740
  993.00   17.96799
  994.00   18.10802
  995.00   18.01544
  996.00   17.95633
  997.00   17.97628
  998.00   18.04885
  999.00   18.02264
 1000.00   17.91864
 1001.00   18.00071
 1002.00   17.99111
 1003.00   18.09411
 1004.00   17.97957
 1005.00   17.93006
 1006.00   18.01710
 1007.00   18.09727
 1008.00   18.02343
 1009.00   17.93563
 1010.00   17.96618
 1011.00   17.97199
 1012.00   17.89624
 1013.00   18.06562
 1014.00   17.98526
 1015.00   17.90335
 1016.00   17.81639
 1017.00   17.85189
 1018.00   17.94001
 1019.00   18.01114
 1020.00   17.92061
 1021.00   17.90028
 1022.00   17.83169
 1023.00   17.82818
 1024.00   17.92482
 1025.00   17.89116
 1026.00   17.88264
 1027.00   17.75748
 1028.00   17.89828
 1029.00   17.91417
 1030.00   17.79910
 1031.00   17.97380
 1032.00   17.96778
 1033.00   17.83841
 1034.00   17.90009
 1035.00   17.81223
 1036.00   17.76320
 1037.00   17.76589
 1038.00   17.72105
 1039.00   17.87209
 1040.00   17.86652
 1041.00   17.91249
 1042.00   17.84238
 1043.00   17.83210
 1044.00   17.78271
 1045.00   17.87163
 1046.00   17.76497
 1047.00   17.73620
 1048.00   17.82925
 1049.00   17.80521
 1050.00   17.71876
 1051.00   17.68207
 1052.00   17.77864
 1053.00   17.74273
 1054.00   17.85855
 1055.00   17.77386
 1056.00   17.76036
 1057.00   17.72313
 1058.00   17.76762
 1059.00   17.61594
 1060.00   17.68414
 1061.00   17.69352
 1062.00   17.68651
 1063.00   17.63132
 1064.00   17.68835
 1065.00   17.64201
 1066.00   17.57685
 1067.00   17.56876
 1068.00   17.57021
 1069.00   17.69643
 1070.00   17.68049
 1071.00   17.60845
 1072.00   17.70884
 1073.00   17.58259
 1074.00   17.63493
 1075.00   17.71162
 1076.00   17.68303
 1077.00   17.62475
 1078.00   17.74095
 1079.00   17.56908
 1080.00   17.55266
 1081.00   17.67311
 1082.00   17.54100
 1083.00   17.57734
 1084.00   17.58517
 1085.00   17.51436
 1086.00   17.54515
 1087.00   17.63207
 1088.00   17.57120
 1089.00   17.55746
 1090.00   17.66991
 1091.00   17.56386
 1092.00   17.53034
 1093.00   17.57302
 1094.00   17.61029
 1095.00   17.63594
 1096.00   17.50390
 1097.00   17.70320
 1098.00   17.68497
 1099.00   17.54740
 1100.00   17.67952
 1101.00   17.59782
 1102.00   17.73816
 1103.00   17.58286
 1104.00   17.61073
 1105.00   17.63337
 1106.00   17.60646
 1107.00   17.60253
 1108.00   17.60590
 1109.00   17.57578
 1110.00   17.57072
 1111.00   17.58608
 1112.00   17.55571
 1113.00   17.54350
 1114.00   17.54950
 1115.00   17.51671
 1116.00   17.47587
 1117.00   17.53679
 1118.00   17.43846
 1119.00   17.43041
 1120.00   17.48092
 1121.00   17.47760
 1122.00   17.53461
 1123.00   17.44329
 1124.00   17.56230
 1125.00   17.57141
 1126.00   17.51491
 1127.00   17.53928
 1128.00   17.55449
 1129.00   17.45325
 1130.00   17.49804
 1131.00   17.58472
 1132.00   17.57739
 1133.00   17.62963
 1134.00   17.52802
 1135.00   17.54748
 1136.00   17.62173
 1137.00   17.68880
 1138.00   17.61792
 1139.00   17.65602
 1140.00   17.70264
 1141.00   17.56797
 1142.00   17.59484
 1143.00   17.63781
 1144.00   17.46912
 1145.00   17.50982
 1146.00   17.54425
 1147.00   17.39942
 1148.00   17.45120
 1149.00   17.47411
 1150.00   17.34232
 1151.00   17.30551
 1152.00   17.31394
 1153.00   17.35401
 1154.00   17.38563
 1155.00   17.40385
 1156.00   17.30039
 1157.00   17.45973
 1158.00   17.46876
 1159.00   17.33485
 1160.00   17.47163
 1161.00   17.54463
 1162.00   17.40588
 1163.00   17.49540
 1164.00   17.48462
 1165.00   17.58366
 1166.00   17.49559
 1167.00   17.50869
 1168.00   17.66057
 1169.00   17.42326
 1170.00   17.47884
 1171.00   17.59318
 1172.00   17.56954
 1173.00   17.60731
 1174.00   17.59616
 1175.00   17.53333
 1176.00   17.49154
 1177.00   17.62259
 1178.00   17.51339
 1179.00   17.56110
 1180.00   17.41182
 1181.00   17.39408
 1182.00   17.38623
 1183.00   17.38002
 1184.00   17.36037
 1185.00   17.41257
 1186.00   17.42655
 1187.00   17.41623
 1188.00   17.43827
 1189.00   17.45227
 1190.00   17.50681
 1191.00   17.34696
 1192.00   17.36902
 1193.00   17.47819
 1194.00   17.53541
 1195.00   17.56239
 1196.00   17.51311
 1197.00   17.48361
 1198.00   17.61967
 1199.00   17.58076
 1200.00   17.66762
 1201.00   17.67277
 1202.00   17.62347
 1203.00   17.74357
 1204.00   17.67575
 1205.00   17.71124
 1206.00   17.77549
 1207.00   17.75725
 1208.00   17.72517
 1209.00   17.68991
 1210.00   17.82251
 1211.00   17.61984
 1212.00   17.72638
 1213.00   17.73311
 1214.00   17.70086
 1215.00   17.77875
 1216.00   17.77341
 1217.00   17.70725
 1218.00   17.70194
 1219.00   17.81161
 1220.00   17.64081
 1221.00   17.72819
 1222.00   17.75917
 1223.00   17.70885
 1224.00   17.79456
 1225.00   17.78849
 1226.00   17.72950
 1227.00   17.81676
 1228.00   17.84015
 1229.00   17.79054
 1230.00   17.89630
 1231.00   17.88997
 1232.00   17.85628
 1233.00   17.84839
 1234.00   17.90990
 1235.00   17.86517
 1236.00   17.94901
 1237.00   17.79359
 1238.00   17.95190
 1239.00   17.96748
 1240.00   17.91588
 1241.00   17.99643
 1242.00   17.88700
 1243.00   17.96650
 1244.00   17.94740
 1245.00   17.92253
 1246.00   18.04003
 1247.00   18.00092
 1248.00   17.92596
 1249.00   17.83704
 1250.00   17.94438
 1251.00   17.86616
 1252.00   18.03999
 1253.00   17.82431
 1254.00   17.77244
 1255.00   17.90799
 1256.00   17.81561
 1257.00   17.85147
 1258.00   17.69169
 1259.00   17.60640
 1260.00   17.65158
 1261.00   17.76343
 1262.00   17.72204
 1263.00   17.69552
 1264.00   17.57920
 1265.00   17.63863
 1266.00   17.61984
 1267.00   17.77177
 1268.00   17.71513
 1269.00   17.68963
 1270.00   17.80705
 1271.00   17.63844
 1272.00   17.61056
 1273.00   17.79803
 1274.00   17.53819
 1275.00   17.50616
 1276.00   17.68588
 1277.00   17.42105
 1278.00   17.39932
 1279.00   17.58070
 1280.00   17.48886
 1281.00   17.48429
 1282.00   17.66533
 1283.00   17.38394
 1284.00   17.39914
 1285.00   17.53405
 1286.00   17.32645
 1287.00   17.30934
 1288.00   17.43061
 1289.00   17.35917
 1290.00   17.30293
 1291.00   17.22247
 1292.00   17.34477
 1293.00   17.28667
 1294.00   17.27041
 1295.00   17.19448
 1296.00   17.20161
 1297.00   17.38181
 1298.00   17.09862
 1299.00   17.11217
 1300.00   17.33083
 1301.00   17.24169
 1302.00   17.31214
 1303.00   17.40324
 1304.00   17.49727
 1305.00   17.45484
 1306.00   17.32712
 1307.00   17.38228
 1308.00   17.40341
 1309.00   17.56674
 1310.00   17.49444
 1311.00   17.45619
 1312.00   17.59979
 1313.00   17.56984
 1314.00   17.48815
 1315.00   17.36111
 1316.00   17.61275
 1317.00   17.60512
 1318.00   17.51044
 1319.00   17.40112
 1320.00   17.42228
 1321.00   17.54645
 1322.00   17.45869
 1323.00   17.45845
 1324.00   17.34849
 1325.00   17.40157
 1326.00   17.41409
 1327.00   17.54620
 1328.00   17.46983
 1329.00   17.48334
 1330.00   17.33511
 1331.00   17.52930
 1332.00   17.52431
 1333.00   17.43349
 1334.00   17.56225
 1335.00   17.58496
 1336.00   17.46442
 1337.00   17.67811
 1338.00   17.59470
 1339.00   17.48931
 1340.00   17.62192
 1341.00   17.69025
 1342.00   17.68644
 1343.00   17.60323
 1344.00   17.61496
 1345.00   17.77019
 1346.00   17.55823
 1347.00   17.54300
 1348.00   17.67550
 1349.00   17.44495
 1350.00   17.53044
 1351.00   17.63503
 1352.00   17.46106
 1353.00   17.46143
 1354.00   17.59284
 1355.00   17.34497
 1356.00   17.39919
 1357.00   17.55330
 1358.00   17.46257
 1359.00   17.40486
 1360.00   17.32158
 1361.00   17.51891
 1362.00   17.44946
 1363.00   17.36882
 1364.00   17.50357
 1365.00   17.45501
 1366.00   17.35497
 1367.00   17.51133
 1368.00   17.45963
 1369.00   17.33789
 1370.00   17.56610
 1371.00   17.51361
 1372.00   17.36893
 1373.00   17.61925
 1374.00   17.65781
 1375.00   17.46853
 1376.00   17.62584
 1377.00   17.61356
 1378.00   17.65721
 1379.00   17.66918
 1380.00   17.70927
 1381.00   17.52385
 1382.00   17.72906
 1383.00   17.77492
 1384.00   17.67771
 1385.00   17.67033
 1386.00   17.72852
 1387.00   17.63223
 1388.00   17.67265
 1389.00   17.70332
 1390.00   17.78250
 1391.00   17.58321
 1392.00   17.66174
 1393.00   17.77102
 1394.00   17.57497
 1395.00   17.56375
 1396.00   17.70155
 1397.00   17.55244
 1398.00   17.52687
 1399.00   17.60384
 1400.00   17.61649
 1401.00   17.63440
 1402.00   17.47733
 1403.00   17.53365
 1404.00   17.55912
 1405.00   17.71226
 1406.00   17.61559
 1407.00   17.65041
 1408.00   17.48380
 1409.00   17.55192
 1410.00   17.61324
 1411.00   17.71105
 1412.00   17.60664
 1413.00   17.68274
 1414.00   17.58484
 1415.00   17.71108
 1416.00   17.72555
 1417.00   17.64821
 1418.00   17.69707
 1419.00   17.67874
 1420.00   17.59214
 1421.00   17.53326
 1422.00   17.55449
 1423.00   17.64799
 1424.00   17.60827
 1425.00   17.60053
 1426.00   17.47756
 1427.00   17.60645
 1428.00   17.64324
 1429.00   17.59043
 1430.00   17.57232
 1431.00   17.52262
 1432.00   17.62254
 1433.00   17.48338
 1434.00   17.49230
 1435.00   17.68115
 1436.00   17.71216
 1437.00   17.72053
 1438.00   17.62008
 1439.00   17.65567
 1440.00   17.69945
 1441.00   17.72367
 1442.00   17.77267
 1443.00   17.71322
 1444.00   17.62914
 1445.00   17.57921
 1446.00   17.53768
 1447.00   17.66467
 1448.00   17.63914
 1449.00   17.58604
 1450.00   17.50521
 1451.00   17.58331
 1452.00   17.56275
 1453.00   17.41521
 1454.00   17.50640
 1455.00   17.47116
 1456.00   17.63070
 1457.00   17.37239
 1458.00   17.37714
 1459.00   17.54976
 1460.00   17.45626
 1461.00   17.38791
 1462.00   17.28262
 1463.00   17.51744
 1464.00   17.52228
 1465.00   17.36106
 1466.00   17.47636
 1467.00   17.43394
 1468.00   17.52348
 1469.00   17.50619
 1470.00   17.49858
 1471.00   17.33990
 1472.00   17.43439
 1473.00   17.40384
 1474.00   17.53005
 1475.00   17.46584
 1476.00   17.47604
 1477.00   17.31139
 1478.00   17.48778
 1479.00   17.53681
 1480.00   17.43342
 1481.00   17.42401
 1482.00   17.41448
 1483.00   17.40718
 1484.00   17.45224
 1485.00   17.47292
 1486.00   17.34737
 1487.00   17.49005
 1488.00   17.45791
 1489.00   17.45691
 1490.00   17.42914
 1491.00   17.41689
 1492.00   17.49132
 1493.00   17.36721
 1494.00   17.40402
 1495.00   17.45385
 1496.00   17.39344
 1497.00   17.38690
